Record Length,2.500000e+03,,  -0.021800000000,   4.32000,
Sample Interval,2.000000e-05,,  -0.021780000000,   4.32000,
Trigger Point,1.090000000000e+03,,  -0.021760000000,   4.32000,
,,,  -0.021740000000,   4.40000,
,,,  -0.021720000000,   4.32000,
,,,  -0.021700000000,   4.40000,
Source,CH2,,  -0.021680000000,   4.40000,
Vertical Units,A,,  -0.021660000000,   4.40000,
Vertical Scale,2.000000e+00,,  -0.021640000000,   4.48000,
Vertical Offset,-6.000000e+00,,  -0.021620000000,   4.48000,
Horizontal Units,s,,  -0.021600000000,   4.48000,
Horizontal Scale,5.000000e-03,,  -0.021580000000,   4.56000,
Pt Fmt,Y,,  -0.021560000000,   4.56000,
Yzero,0.000000e+00,,  -0.021540000000,   4.64000,
Probe Atten,1.000000e+01,,  -0.021520000000,   4.64000,
Firmware Version,FV:v10.14,,  -0.021500000000,   4.64000,
,,,-00.021480000000,   4.64000,
,,,-00.021460000000,   4.72000,
,,,-00.021440000000,   4.72000,
,,,-00.021420000000,   4.64000,
,,,-00.021400000000,   4.72000,
,,,-00.021380000000,   4.80000,
,,,-00.021360000000,   4.80000,
,,,-00.021340000000,   4.80000,
,,,-00.021320000000,   4.80000,
,,,-00.021300000000,   4.80000,
,,,-00.021280000000,   4.88000,
,,,-00.021260000000,   4.88000,
,,,-00.021240000000,   4.88000,
,,,-00.021220000000,   4.88000,
,,,-00.021200000000,   4.96000,
,,,-00.021180000000,   4.96000,
,,,-00.021160000000,   4.96000,
,,,-00.021140000000,   5.04000,
,,,-00.021120000000,   5.04000,
,,,-00.021100000000,   5.12000,
,,,-00.021080000000,   5.12000,
,,,-00.021060000000,   5.12000,
,,,-00.021040000000,   5.20000,
,,,-00.021020000000,   5.20000,
,,,-00.021000000000,   5.28000,
,,,-00.020980000000,   5.28000,
,,,-00.020960000000,   5.28000,
,,,-00.020940000000,   5.28000,
,,,-00.020920000000,   5.36000,
,,,-00.020900000000,   5.36000,
,,,-00.020880000000,   5.36000,
,,,-00.020860000000,   5.44000,
,,,-00.020840000000,   5.44000,
,,,-00.020820000000,   5.44000,
,,,-00.020800000000,   5.44000,
,,,-00.020780000000,   5.52000,
,,,-00.020760000000,   5.60000,
,,,-00.020740000000,   5.52000,
,,,-00.020720000000,   5.60000,
,,,-00.020700000000,   5.60000,
,,,-00.020680000000,   5.60000,
,,,-00.020660000000,   5.68000,
,,,-00.020640000000,   5.68000,
,,,-00.020620000000,   5.76000,
,,,-00.020600000000,   5.76000,
,,,-00.020580000000,   5.76000,
,,,-00.020560000000,   5.84000,
,,,-00.020540000000,   5.92000,
,,,-00.020520000000,   5.92000,
,,,-00.020500000000,   6.00000,
,,,-00.020480000000,   6.00000,
,,,-00.020460000000,   6.00000,
,,,-00.020440000000,   6.08000,
,,,-00.020420000000,   6.08000,
,,,-00.020400000000,   6.08000,
,,,-00.020380000000,   6.16000,
,,,-00.020360000000,   6.16000,
,,,-00.020340000000,   6.16000,
,,,-00.020320000000,   6.24000,
,,,-00.020300000000,   6.24000,
,,,-00.020280000000,   6.24000,
,,,-00.020260000000,   6.24000,
,,,-00.020240000000,   6.32000,
,,,-00.020220000000,   6.32000,
,,,-00.020200000000,   6.32000,
,,,-00.020180000000,   6.40000,
,,,-00.020160000000,   6.32000,
,,,-00.020140000000,   6.48000,
,,,-00.020120000000,   6.56000,
,,,-00.020100000000,   6.56000,
,,,-00.020080000000,   6.64000,
,,,-00.020060000000,   6.56000,
,,,-00.020040000000,   6.56000,
,,,-00.020020000000,   6.72000,
,,,-00.020000000000,   6.80000,
,,,-00.019980000000,   6.80000,
,,,-00.019960000000,   6.88000,
,,,-00.019940000000,   6.88000,
,,,-00.019920000000,   6.88000,
,,,-00.019900000000,   6.96000,
,,,-00.019880000000,   6.96000,
,,,-00.019860000000,   6.96000,
,,,-00.019840000000,   6.96000,
,,,-00.019820000000,   7.04000,
,,,-00.019800000000,   7.04000,
,,,-00.019780000000,   7.04000,
,,,-00.019760000000,   7.04000,
,,,-00.019740000000,   7.12000,
,,,-00.019720000000,   7.12000,
,,,-00.019700000000,   7.20000,
,,,-00.019680000000,   7.20000,
,,,-00.019660000000,   7.20000,
,,,-00.019640000000,   7.20000,
,,,-00.019620000000,   7.28000,
,,,-00.019600000000,   7.36000,
,,,-00.019580000000,   7.36000,
,,,-00.019560000000,   7.44000,
,,,-00.019540000000,   7.44000,
,,,-00.019520000000,   7.52000,
,,,-00.019500000000,   7.52000,
,,,-00.019480000000,   7.60000,
,,,-00.019460000000,   7.68000,
,,,-00.019440000000,   7.68000,
,,,-00.019420000000,   7.68000,
,,,-00.019400000000,   7.68000,
,,,-00.019380000000,   7.68000,
,,,-00.019360000000,   7.76000,
,,,-00.019340000000,   7.76000,
,,,-00.019320000000,   7.84000,
,,,-00.019300000000,   7.84000,
,,,-00.019280000000,   7.84000,
,,,-00.019260000000,   7.84000,
,,,-00.019240000000,   7.84000,
,,,-00.019220000000,   7.92000,
,,,-00.019200000000,   7.84000,
,,,-00.019180000000,   7.92000,
,,,-00.019160000000,   7.92000,
,,,-00.019140000000,   8.00000,
,,,-00.019120000000,   8.00000,
,,,-00.019100000000,   8.08000,
,,,-00.019080000000,   8.08000,
,,,-00.019060000000,   8.08000,
,,,-00.019040000000,   8.16000,
,,,-00.019020000000,   8.16000,
,,,-00.019000000000,   8.24000,
,,,-00.018980000000,   8.32000,
,,,-00.018960000000,   8.32000,
,,,-00.018940000000,   8.32000,
,,,-00.018920000000,   8.40000,
,,,-00.018900000000,   8.32000,
,,,-00.018880000000,   8.48000,
,,,-00.018860000000,   8.48000,
,,,-00.018840000000,   8.48000,
,,,-00.018820000000,   8.48000,
,,,-00.018800000000,   8.48000,
,,,-00.018780000000,   8.48000,
,,,-00.018760000000,   8.48000,
,,,-00.018740000000,   8.64000,
,,,-00.018720000000,   8.56000,
,,,-00.018700000000,   8.56000,
,,,-00.018680000000,   8.64000,
,,,-00.018660000000,   8.64000,
,,,-00.018640000000,   8.64000,
,,,-00.018620000000,   8.72000,
,,,-00.018600000000,   8.64000,
,,,-00.018580000000,   8.72000,
,,,-00.018560000000,   8.80000,
,,,-00.018540000000,   8.88000,
,,,-00.018520000000,   8.88000,
,,,-00.018500000000,   8.88000,
,,,-00.018480000000,   8.96000,
,,,-00.018460000000,   8.96000,
,,,-00.018440000000,   8.96000,
,,,-00.018420000000,   8.96000,
,,,-00.018400000000,   8.96000,
,,,-00.018380000000,   8.96000,
,,,-00.018360000000,   8.96000,
,,,-00.018340000000,   9.04000,
,,,-00.018320000000,   9.04000,
,,,-00.018300000000,   9.04000,
,,,-00.018280000000,   9.04000,
,,,-00.018260000000,   9.12000,
,,,-00.018240000000,   9.12000,
,,,-00.018220000000,   9.04000,
,,,-00.018200000000,   9.12000,
,,,-00.018180000000,   9.12000,
,,,-00.018160000000,   9.12000,
,,,-00.018140000000,   9.20000,
,,,-00.018120000000,   9.20000,
,,,-00.018100000000,   9.28000,
,,,-00.018080000000,   9.28000,
,,,-00.018060000000,   9.20000,
,,,-00.018040000000,   9.28000,
,,,-00.018020000000,   9.36000,
,,,-00.018000000000,   9.36000,
,,,-00.017980000000,   9.44000,
,,,-00.017960000000,   9.44000,
,,,-00.017940000000,   9.44000,
,,,-00.017920000000,   9.52000,
,,,-00.017900000000,   9.44000,
,,,-00.017880000000,   9.52000,
,,,-00.017860000000,   9.52000,
,,,-00.017840000000,   9.52000,
,,,-00.017820000000,   9.52000,
,,,-00.017800000000,   9.52000,
,,,-00.017780000000,   9.52000,
,,,-00.017760000000,   9.60000,
,,,-00.017740000000,   9.60000,
,,,-00.017720000000,   9.60000,
,,,-00.017700000000,   9.60000,
,,,-00.017680000000,   9.60000,
,,,-00.017660000000,   9.68000,
,,,-00.017640000000,   9.60000,
,,,-00.017620000000,   9.68000,
,,,-00.017600000000,   9.68000,
,,,-00.017580000000,   9.60000,
,,,-00.017560000000,   9.76000,
,,,-00.017540000000,   9.68000,
,,,-00.017520000000,   9.76000,
,,,-00.017500000000,   9.76000,
,,,-00.017480000000,   9.84000,
,,,-00.017460000000,   9.76000,
,,,-00.017440000000,   9.84000,
,,,-00.017420000000,   9.92000,
,,,-00.017400000000,   9.84000,
,,,-00.017380000000,   9.92000,
,,,-00.017360000000,   9.92000,
,,,-00.017340000000,   9.92000,
,,,-00.017320000000,   9.92000,
,,,-00.017300000000,   9.92000,
,,,-00.017280000000,   9.92000,
,,,-00.017260000000,   9.92000,
,,,-00.017240000000,  10.00000,
,,,-00.017220000000,   9.92000,
,,,-00.017200000000,   9.92000,
,,,-00.017180000000,   9.92000,
,,,-00.017160000000,   9.92000,
,,,-00.017140000000,   9.92000,
,,,-00.017120000000,  10.00000,
,,,-00.017100000000,   9.92000,
,,,-00.017080000000,   9.92000,
,,,-00.017060000000,   9.92000,
,,,-00.017040000000,  10.00000,
,,,-00.017020000000,  10.00000,
,,,-00.017000000000,  10.00000,
,,,-00.016980000000,  10.08000,
,,,-00.016960000000,  10.08000,
,,,-00.016940000000,  10.08000,
,,,-00.016920000000,  10.08000,
,,,-00.016900000000,  10.16000,
,,,-00.016880000000,  10.08000,
,,,-00.016860000000,  10.08000,
,,,-00.016840000000,  10.16000,
,,,-00.016820000000,  10.08000,
,,,-00.016800000000,  10.08000,
,,,-00.016780000000,  10.08000,
,,,-00.016760000000,  10.08000,
,,,-00.016740000000,  10.08000,
,,,-00.016720000000,  10.08000,
,,,-00.016700000000,  10.08000,
,,,-00.016680000000,  10.08000,
,,,-00.016660000000,  10.00000,
,,,-00.016640000000,  10.08000,
,,,-00.016620000000,  10.08000,
,,,-00.016600000000,  10.08000,
,,,-00.016580000000,  10.00000,
,,,-00.016560000000,  10.00000,
,,,-00.016540000000,  10.08000,
,,,-00.016520000000,  10.08000,
,,,-00.016500000000,  10.08000,
,,,-00.016480000000,  10.08000,
,,,-00.016460000000,  10.16000,
,,,-00.016440000000,  10.08000,
,,,-00.016420000000,  10.16000,
,,,-00.016400000000,  10.08000,
,,,-00.016380000000,  10.08000,
,,,-00.016360000000,  10.08000,
,,,-00.016340000000,  10.08000,
,,,-00.016320000000,  10.16000,
,,,-00.016300000000,  10.08000,
,,,-00.016280000000,  10.08000,
,,,-00.016260000000,  10.00000,
,,,-00.016240000000,  10.00000,
,,,-00.016220000000,   9.92000,
,,,-00.016200000000,  10.00000,
,,,-00.016180000000,   9.92000,
,,,-00.016160000000,   9.92000,
,,,-00.016140000000,  10.00000,
,,,-00.016120000000,  10.08000,
,,,-00.016100000000,   9.92000,
,,,-00.016080000000,   9.92000,
,,,-00.016060000000,   9.84000,
,,,-00.016040000000,   9.92000,
,,,-00.016020000000,   9.84000,
,,,-00.016000000000,   9.92000,
,,,-00.015980000000,   9.92000,
,,,-00.015960000000,   9.84000,
,,,-00.015940000000,   9.92000,
,,,-00.015920000000,   9.92000,
,,,-00.015900000000,   9.84000,
,,,-00.015880000000,   9.84000,
,,,-00.015860000000,   9.84000,
,,,-00.015840000000,   9.84000,
,,,-00.015820000000,   9.84000,
,,,-00.015800000000,   9.84000,
,,,-00.015780000000,   9.76000,
,,,-00.015760000000,   9.76000,
,,,-00.015740000000,   9.76000,
,,,-00.015720000000,   9.76000,
,,,-00.015700000000,   9.68000,
,,,-00.015680000000,   9.68000,
,,,-00.015660000000,   9.60000,
,,,-00.015640000000,   9.60000,
,,,-00.015620000000,   9.60000,
,,,-00.015600000000,   9.60000,
,,,-00.015580000000,   9.52000,
,,,-00.015560000000,   9.52000,
,,,-00.015540000000,   9.52000,
,,,-00.015520000000,   9.52000,
,,,-00.015500000000,   9.52000,
,,,-00.015480000000,   9.44000,
,,,-00.015460000000,   9.52000,
,,,-00.015440000000,   9.44000,
,,,-00.015420000000,   9.44000,
,,,-00.015400000000,   9.44000,
,,,-00.015380000000,   9.36000,
,,,-00.015360000000,   9.36000,
,,,-00.015340000000,   9.36000,
,,,-00.015320000000,   9.36000,
,,,-00.015300000000,   9.28000,
,,,-00.015280000000,   9.28000,
,,,-00.015260000000,   9.20000,
,,,-00.015240000000,   9.20000,
,,,-00.015220000000,   9.12000,
,,,-00.015200000000,   9.12000,
,,,-00.015180000000,   9.12000,
,,,-00.015160000000,   9.04000,
,,,-00.015140000000,   8.96000,
,,,-00.015120000000,   9.04000,
,,,-00.015100000000,   8.96000,
,,,-00.015080000000,   8.96000,
,,,-00.015060000000,   8.96000,
,,,-00.015040000000,   8.96000,
,,,-00.015020000000,   8.88000,
,,,-00.015000000000,   8.88000,
,,,-00.014980000000,   8.88000,
,,,-00.014960000000,   8.80000,
,,,-00.014940000000,   8.88000,
,,,-00.014920000000,   8.80000,
,,,-00.014900000000,   8.80000,
,,,-00.014880000000,   8.80000,
,,,-00.014860000000,   8.72000,
,,,-00.014840000000,   8.72000,
,,,-00.014820000000,   8.72000,
,,,-00.014800000000,   8.72000,
,,,-00.014780000000,   8.64000,
,,,-00.014760000000,   8.64000,
,,,-00.014740000000,   8.56000,
,,,-00.014720000000,   8.48000,
,,,-00.014700000000,   8.48000,
,,,-00.014680000000,   8.40000,
,,,-00.014660000000,   8.40000,
,,,-00.014640000000,   8.32000,
,,,-00.014620000000,   8.32000,
,,,-00.014600000000,   8.24000,
,,,-00.014580000000,   8.24000,
,,,-00.014560000000,   8.16000,
,,,-00.014540000000,   8.16000,
,,,-00.014520000000,   8.08000,
,,,-00.014500000000,   8.08000,
,,,-00.014480000000,   8.08000,
,,,-00.014460000000,   8.00000,
,,,-00.014440000000,   8.00000,
,,,-00.014420000000,   8.00000,
,,,-00.014400000000,   7.92000,
,,,-00.014380000000,   7.92000,
,,,-00.014360000000,   7.92000,
,,,-00.014340000000,   7.84000,
,,,-00.014320000000,   7.76000,
,,,-00.014300000000,   7.84000,
,,,-00.014280000000,   7.76000,
,,,-00.014260000000,   7.68000,
,,,-00.014240000000,   7.76000,
,,,-00.014220000000,   7.60000,
,,,-00.014200000000,   7.52000,
,,,-00.014180000000,   7.52000,
,,,-00.014160000000,   7.44000,
,,,-00.014140000000,   7.44000,
,,,-00.014120000000,   7.36000,
,,,-00.014100000000,   7.36000,
,,,-00.014080000000,   7.28000,
,,,-00.014060000000,   7.28000,
,,,-00.014040000000,   7.20000,
,,,-00.014020000000,   7.12000,
,,,-00.014000000000,   7.12000,
,,,-00.013980000000,   7.12000,
,,,-00.013960000000,   7.12000,
,,,-00.013940000000,   7.04000,
,,,-00.013920000000,   7.04000,
,,,-00.013900000000,   7.04000,
,,,-00.013880000000,   6.96000,
,,,-00.013860000000,   6.88000,
,,,-00.013840000000,   6.88000,
,,,-00.013820000000,   6.88000,
,,,-00.013800000000,   6.80000,
,,,-00.013780000000,   6.80000,
,,,-00.013760000000,   6.72000,
,,,-00.013740000000,   6.64000,
,,,-00.013720000000,   6.64000,
,,,-00.013700000000,   6.56000,
,,,-00.013680000000,   6.56000,
,,,-00.013660000000,   6.48000,
,,,-00.013640000000,   6.48000,
,,,-00.013620000000,   6.32000,
,,,-00.013600000000,   6.32000,
,,,-00.013580000000,   6.32000,
,,,-00.013560000000,   6.24000,
,,,-00.013540000000,   6.16000,
,,,-00.013520000000,   6.08000,
,,,-00.013500000000,   6.00000,
,,,-00.013480000000,   6.00000,
,,,-00.013460000000,   5.92000,
,,,-00.013440000000,   5.92000,
,,,-00.013420000000,   5.92000,
,,,-00.013400000000,   5.84000,
,,,-00.013380000000,   5.84000,
,,,-00.013360000000,   5.84000,
,,,-00.013340000000,   5.76000,
,,,-00.013320000000,   5.76000,
,,,-00.013300000000,   5.68000,
,,,-00.013280000000,   5.60000,
,,,-00.013260000000,   5.60000,
,,,-00.013240000000,   5.60000,
,,,-00.013220000000,   5.52000,
,,,-00.013200000000,   5.44000,
,,,-00.013180000000,   5.36000,
,,,-00.013160000000,   5.36000,
,,,-00.013140000000,   5.28000,
,,,-00.013120000000,   5.20000,
,,,-00.013100000000,   5.20000,
,,,-00.013080000000,   5.12000,
,,,-00.013060000000,   5.04000,
,,,-00.013040000000,   5.04000,
,,,-00.013020000000,   4.96000,
,,,-00.013000000000,   4.88000,
,,,-00.012980000000,   4.88000,
,,,-00.012960000000,   4.88000,
,,,-00.012940000000,   4.80000,
,,,-00.012920000000,   4.88000,
,,,-00.012900000000,   4.72000,
,,,-00.012880000000,   4.72000,
,,,-00.012860000000,   4.64000,
,,,-00.012840000000,   4.64000,
,,,-00.012820000000,   4.64000,
,,,-00.012800000000,   4.64000,
,,,-00.012780000000,   4.56000,
,,,-00.012760000000,   4.56000,
,,,-00.012740000000,   4.48000,
,,,-00.012720000000,   4.48000,
,,,-00.012700000000,   4.48000,
,,,-00.012680000000,   4.40000,
,,,-00.012660000000,   4.40000,
,,,-00.012640000000,   4.32000,
,,,-00.012620000000,   4.24000,
,,,-00.012600000000,   4.24000,
,,,-00.012580000000,   4.16000,
,,,-00.012560000000,   4.16000,
,,,-00.012540000000,   4.08000,
,,,-00.012520000000,   4.16000,
,,,-00.012500000000,   4.24000,
,,,-00.012480000000,   4.16000,
,,,-00.012460000000,   4.08000,
,,,-00.012440000000,   4.08000,
,,,-00.012420000000,   4.16000,
,,,-00.012400000000,   4.16000,
,,,-00.012380000000,   4.16000,
,,,-00.012360000000,   4.16000,
,,,-00.012340000000,   4.24000,
,,,-00.012320000000,   4.24000,
,,,-00.012300000000,   4.24000,
,,,-00.012280000000,   4.24000,
,,,-00.012260000000,   4.24000,
,,,-00.012240000000,   4.24000,
,,,-00.012220000000,   4.24000,
,,,-00.012200000000,   4.24000,
,,,-00.012180000000,   4.24000,
,,,-00.012160000000,   4.24000,
,,,-00.012140000000,   4.24000,
,,,-00.012120000000,   4.24000,
,,,-00.012100000000,   4.24000,
,,,-00.012080000000,   4.24000,
,,,-00.012060000000,   4.24000,
,,,-00.012040000000,   4.24000,
,,,-00.012020000000,   4.24000,
,,,-00.012000000000,   4.24000,
,,,-00.011980000000,   4.24000,
,,,-00.011960000000,   4.24000,
,,,-00.011940000000,   4.24000,
,,,-00.011920000000,   4.32000,
,,,-00.011900000000,   4.24000,
,,,-00.011880000000,   4.32000,
,,,-00.011860000000,   4.40000,
,,,-00.011840000000,   4.40000,
,,,-00.011820000000,   4.40000,
,,,-00.011800000000,   4.40000,
,,,-00.011780000000,   4.48000,
,,,-00.011760000000,   4.40000,
,,,-00.011740000000,   4.48000,
,,,-00.011720000000,   4.48000,
,,,-00.011700000000,   4.48000,
,,,-00.011680000000,   4.48000,
,,,-00.011660000000,   4.56000,
,,,-00.011640000000,   4.48000,
,,,-00.011620000000,   4.56000,
,,,-00.011600000000,   4.48000,
,,,-00.011580000000,   4.48000,
,,,-00.011560000000,   4.48000,
,,,-00.011540000000,   4.56000,
,,,-00.011520000000,   4.56000,
,,,-00.011500000000,   4.56000,
,,,-00.011480000000,   4.64000,
,,,-00.011460000000,   4.64000,
,,,-00.011440000000,   4.64000,
,,,-00.011420000000,   4.64000,
,,,-00.011400000000,   4.64000,
,,,-00.011380000000,   4.72000,
,,,-00.011360000000,   4.72000,
,,,-00.011340000000,   4.80000,
,,,-00.011320000000,   4.88000,
,,,-00.011300000000,   4.88000,
,,,-00.011280000000,   4.96000,
,,,-00.011260000000,   4.96000,
,,,-00.011240000000,   4.96000,
,,,-00.011220000000,   4.96000,
,,,-00.011200000000,   5.04000,
,,,-00.011180000000,   4.96000,
,,,-00.011160000000,   5.04000,
,,,-00.011140000000,   5.12000,
,,,-00.011120000000,   5.04000,
,,,-00.011100000000,   5.12000,
,,,-00.011080000000,   5.12000,
,,,-00.011060000000,   5.12000,
,,,-00.011040000000,   5.12000,
,,,-00.011020000000,   5.12000,
,,,-00.011000000000,   5.20000,
,,,-00.010980000000,   5.20000,
,,,-00.010960000000,   5.20000,
,,,-00.010940000000,   5.28000,
,,,-00.010920000000,   5.28000,
,,,-00.010900000000,   5.36000,
,,,-00.010880000000,   5.36000,
,,,-00.010860000000,   5.44000,
,,,-00.010840000000,   5.52000,
,,,-00.010820000000,   5.44000,
,,,-00.010800000000,   5.52000,
,,,-00.010780000000,   5.60000,
,,,-00.010760000000,   5.68000,
,,,-00.010740000000,   5.68000,
,,,-00.010720000000,   5.68000,
,,,-00.010700000000,   5.76000,
,,,-00.010680000000,   5.76000,
,,,-00.010660000000,   5.76000,
,,,-00.010640000000,   5.76000,
,,,-00.010620000000,   5.76000,
,,,-00.010600000000,   5.76000,
,,,-00.010580000000,   5.76000,
,,,-00.010560000000,   5.76000,
,,,-00.010540000000,   5.84000,
,,,-00.010520000000,   5.84000,
,,,-00.010500000000,   5.84000,
,,,-00.010480000000,   5.92000,
,,,-00.010460000000,   6.00000,
,,,-00.010440000000,   6.00000,
,,,-00.010420000000,   6.00000,
,,,-00.010400000000,   6.00000,
,,,-00.010380000000,   6.08000,
,,,-00.010360000000,   6.16000,
,,,-00.010340000000,   6.16000,
,,,-00.010320000000,   6.16000,
,,,-00.010300000000,   6.32000,
,,,-00.010280000000,   6.32000,
,,,-00.010260000000,   6.32000,
,,,-00.010240000000,   6.40000,
,,,-00.010220000000,   6.40000,
,,,-00.010200000000,   6.40000,
,,,-00.010180000000,   6.48000,
,,,-00.010160000000,   6.56000,
,,,-00.010140000000,   6.56000,
,,,-00.010120000000,   6.56000,
,,,-00.010100000000,   6.56000,
,,,-00.010080000000,   6.56000,
,,,-00.010060000000,   6.56000,
,,,-00.010040000000,   6.64000,
,,,-00.010020000000,   6.64000,
,,,-00.010000000000,   6.64000,
,,,-00.009980000000,   6.72000,
,,,-00.009960000000,   6.80000,
,,,-00.009940000000,   6.80000,
,,,-00.009920000000,   6.64000,
,,,-00.009900000000,   6.88000,
,,,-00.009880000000,   6.96000,
,,,-00.009860000000,   6.96000,
,,,-00.009840000000,   6.96000,
,,,-00.009820000000,   7.04000,
,,,-00.009800000000,   7.04000,
,,,-00.009780000000,   7.12000,
,,,-00.009760000000,   7.12000,
,,,-00.009740000000,   7.20000,
,,,-00.009720000000,   7.28000,
,,,-00.009700000000,   7.28000,
,,,-00.009680000000,   7.28000,
,,,-00.009660000000,   7.36000,
,,,-00.009640000000,   7.36000,
,,,-00.009620000000,   7.36000,
,,,-00.009600000000,   7.36000,
,,,-00.009580000000,   7.44000,
,,,-00.009560000000,   7.44000,
,,,-00.009540000000,   7.44000,
,,,-00.009520000000,   7.44000,
,,,-00.009500000000,   7.52000,
,,,-00.009480000000,   7.52000,
,,,-00.009460000000,   7.52000,
,,,-00.009440000000,   7.60000,
,,,-00.009420000000,   7.60000,
,,,-00.009400000000,   7.68000,
,,,-00.009380000000,   7.68000,
,,,-00.009360000000,   7.68000,
,,,-00.009340000000,   7.76000,
,,,-00.009320000000,   7.76000,
,,,-00.009300000000,   7.84000,
,,,-00.009280000000,   7.92000,
,,,-00.009260000000,   7.92000,
,,,-00.009240000000,   7.92000,
,,,-00.009220000000,   8.00000,
,,,-00.009200000000,   8.00000,
,,,-00.009180000000,   8.16000,
,,,-00.009160000000,   8.00000,
,,,-00.009140000000,   8.16000,
,,,-00.009120000000,   8.16000,
,,,-00.009100000000,   8.16000,
,,,-00.009080000000,   8.16000,
,,,-00.009060000000,   8.16000,
,,,-00.009040000000,   8.24000,
,,,-00.009020000000,   8.16000,
,,,-00.009000000000,   8.16000,
,,,-00.008980000000,   8.24000,
,,,-00.008960000000,   8.24000,
,,,-00.008940000000,   8.32000,
,,,-00.008920000000,   8.32000,
,,,-00.008900000000,   8.32000,
,,,-00.008880000000,   8.32000,
,,,-00.008860000000,   8.40000,
,,,-00.008840000000,   8.40000,
,,,-00.008820000000,   8.48000,
,,,-00.008800000000,   8.48000,
,,,-00.008780000000,   8.48000,
,,,-00.008760000000,   8.56000,
,,,-00.008740000000,   8.64000,
,,,-00.008720000000,   8.72000,
,,,-00.008700000000,   8.64000,
,,,-00.008680000000,   8.72000,
,,,-00.008660000000,   8.72000,
,,,-00.008640000000,   8.80000,
,,,-00.008620000000,   8.80000,
,,,-00.008600000000,   8.80000,
,,,-00.008580000000,   8.80000,
,,,-00.008560000000,   8.80000,
,,,-00.008540000000,   8.80000,
,,,-00.008520000000,   8.88000,
,,,-00.008500000000,   8.88000,
,,,-00.008480000000,   8.88000,
,,,-00.008460000000,   8.96000,
,,,-00.008440000000,   8.96000,
,,,-00.008420000000,   8.96000,
,,,-00.008400000000,   8.96000,
,,,-00.008380000000,   8.96000,
,,,-00.008360000000,   8.96000,
,,,-00.008340000000,   8.96000,
,,,-00.008320000000,   9.04000,
,,,-00.008300000000,   9.04000,
,,,-00.008280000000,   9.04000,
,,,-00.008260000000,   9.12000,
,,,-00.008240000000,   9.20000,
,,,-00.008220000000,   9.12000,
,,,-00.008200000000,   9.20000,
,,,-00.008180000000,   9.28000,
,,,-00.008160000000,   9.28000,
,,,-00.008140000000,   9.28000,
,,,-00.008120000000,   9.28000,
,,,-00.008100000000,   9.28000,
,,,-00.008080000000,   9.36000,
,,,-00.008060000000,   9.36000,
,,,-00.008040000000,   9.28000,
,,,-00.008020000000,   9.28000,
,,,-00.008000000000,   9.36000,
,,,-00.007980000000,   9.36000,
,,,-00.007960000000,   9.36000,
,,,-00.007940000000,   9.44000,
,,,-00.007920000000,   9.36000,
,,,-00.007900000000,   9.44000,
,,,-00.007880000000,   9.44000,
,,,-00.007860000000,   9.44000,
,,,-00.007840000000,   9.52000,
,,,-00.007820000000,   9.44000,
,,,-00.007800000000,   9.44000,
,,,-00.007780000000,   9.60000,
,,,-00.007760000000,   9.60000,
,,,-00.007740000000,   9.60000,
,,,-00.007720000000,   9.68000,
,,,-00.007700000000,   9.68000,
,,,-00.007680000000,   9.60000,
,,,-00.007660000000,   9.68000,
,,,-00.007640000000,   9.76000,
,,,-00.007620000000,   9.76000,
,,,-00.007600000000,   9.76000,
,,,-00.007580000000,   9.76000,
,,,-00.007560000000,   9.68000,
,,,-00.007540000000,   9.76000,
,,,-00.007520000000,   9.76000,
,,,-00.007500000000,   9.76000,
,,,-00.007480000000,   9.84000,
,,,-00.007460000000,   9.76000,
,,,-00.007440000000,   9.84000,
,,,-00.007420000000,   9.76000,
,,,-00.007400000000,   9.84000,
,,,-00.007380000000,   9.84000,
,,,-00.007360000000,   9.84000,
,,,-00.007340000000,   9.84000,
,,,-00.007320000000,   9.92000,
,,,-00.007300000000,   9.92000,
,,,-00.007280000000,  10.00000,
,,,-00.007260000000,   9.92000,
,,,-00.007240000000,  10.00000,
,,,-00.007220000000,  10.00000,
,,,-00.007200000000,  10.00000,
,,,-00.007180000000,  10.08000,
,,,-00.007160000000,  10.00000,
,,,-00.007140000000,  10.08000,
,,,-00.007120000000,  10.00000,
,,,-00.007100000000,  10.08000,
,,,-00.007080000000,  10.08000,
,,,-00.007060000000,  10.08000,
,,,-00.007040000000,  10.08000,
,,,-00.007020000000,  10.08000,
,,,-00.007000000000,  10.00000,
,,,-00.006980000000,  10.00000,
,,,-00.006960000000,  10.00000,
,,,-00.006940000000,  10.08000,
,,,-00.006920000000,  10.08000,
,,,-00.006900000000,  10.08000,
,,,-00.006880000000,  10.00000,
,,,-00.006860000000,  10.08000,
,,,-00.006840000000,  10.08000,
,,,-00.006820000000,  10.00000,
,,,-00.006800000000,  10.00000,
,,,-00.006780000000,  10.08000,
,,,-00.006760000000,  10.08000,
,,,-00.006740000000,  10.08000,
,,,-00.006720000000,  10.08000,
,,,-00.006700000000,  10.08000,
,,,-00.006680000000,  10.16000,
,,,-00.006660000000,  10.08000,
,,,-00.006640000000,  10.16000,
,,,-00.006620000000,  10.16000,
,,,-00.006600000000,  10.16000,
,,,-00.006580000000,  10.16000,
,,,-00.006560000000,  10.16000,
,,,-00.006540000000,  10.16000,
,,,-00.006520000000,  10.08000,
,,,-00.006500000000,  10.16000,
,,,-00.006480000000,  10.08000,
,,,-00.006460000000,  10.08000,
,,,-00.006440000000,  10.00000,
,,,-00.006420000000,  10.08000,
,,,-00.006400000000,  10.08000,
,,,-00.006380000000,  10.08000,
,,,-00.006360000000,  10.00000,
,,,-00.006340000000,  10.08000,
,,,-00.006320000000,  10.00000,
,,,-00.006300000000,  10.00000,
,,,-00.006280000000,  10.08000,
,,,-00.006260000000,  10.00000,
,,,-00.006240000000,  10.00000,
,,,-00.006220000000,  10.08000,
,,,-00.006200000000,  10.00000,
,,,-00.006180000000,  10.00000,
,,,-00.006160000000,  10.00000,
,,,-00.006140000000,  10.08000,
,,,-00.006120000000,  10.00000,
,,,-00.006100000000,  10.08000,
,,,-00.006080000000,  10.00000,
,,,-00.006060000000,  10.00000,
,,,-00.006040000000,  10.00000,
,,,-00.006020000000,  10.00000,
,,,-00.006000000000,   9.92000,
,,,-00.005980000000,   9.92000,
,,,-00.005960000000,   9.84000,
,,,-00.005940000000,   9.84000,
,,,-00.005920000000,   9.92000,
,,,-00.005900000000,   9.84000,
,,,-00.005880000000,   9.76000,
,,,-00.005860000000,   9.84000,
,,,-00.005840000000,   9.76000,
,,,-00.005820000000,   9.76000,
,,,-00.005800000000,   9.76000,
,,,-00.005780000000,   9.76000,
,,,-00.005760000000,   9.68000,
,,,-00.005740000000,   9.76000,
,,,-00.005720000000,   9.68000,
,,,-00.005700000000,   9.68000,
,,,-00.005680000000,   9.68000,
,,,-00.005660000000,   9.68000,
,,,-00.005640000000,   9.68000,
,,,-00.005620000000,   9.68000,
,,,-00.005600000000,   9.68000,
,,,-00.005580000000,   9.60000,
,,,-00.005560000000,   9.68000,
,,,-00.005540000000,   9.60000,
,,,-00.005520000000,   9.60000,
,,,-00.005500000000,   9.60000,
,,,-00.005480000000,   9.52000,
,,,-00.005460000000,   9.52000,
,,,-00.005440000000,   9.44000,
,,,-00.005420000000,   9.36000,
,,,-00.005400000000,   9.36000,
,,,-00.005380000000,   9.36000,
,,,-00.005360000000,   9.36000,
,,,-00.005340000000,   9.28000,
,,,-00.005320000000,   9.28000,
,,,-00.005300000000,   9.20000,
,,,-00.005280000000,   9.20000,
,,,-00.005260000000,   9.28000,
,,,-00.005240000000,   9.20000,
,,,-00.005220000000,   9.12000,
,,,-00.005200000000,   9.12000,
,,,-00.005180000000,   9.12000,
,,,-00.005160000000,   9.12000,
,,,-00.005140000000,   9.12000,
,,,-00.005120000000,   9.12000,
,,,-00.005100000000,   9.12000,
,,,-00.005080000000,   9.04000,
,,,-00.005060000000,   8.96000,
,,,-00.005040000000,   9.04000,
,,,-00.005020000000,   8.96000,
,,,-00.005000000000,   8.96000,
,,,-00.004980000000,   8.96000,
,,,-00.004960000000,   8.88000,
,,,-00.004940000000,   8.80000,
,,,-00.004920000000,   8.80000,
,,,-00.004900000000,   8.72000,
,,,-00.004880000000,   8.72000,
,,,-00.004860000000,   8.64000,
,,,-00.004840000000,   8.64000,
,,,-00.004820000000,   8.64000,
,,,-00.004800000000,   8.56000,
,,,-00.004780000000,   8.56000,
,,,-00.004760000000,   8.48000,
,,,-00.004740000000,   8.40000,
,,,-00.004720000000,   8.48000,
,,,-00.004700000000,   8.40000,
,,,-00.004680000000,   8.40000,
,,,-00.004660000000,   8.40000,
,,,-00.004640000000,   8.40000,
,,,-00.004620000000,   8.40000,
,,,-00.004600000000,   8.32000,
,,,-00.004580000000,   8.24000,
,,,-00.004560000000,   8.24000,
,,,-00.004540000000,   8.24000,
,,,-00.004520000000,   8.16000,
,,,-00.004500000000,   8.16000,
,,,-00.004480000000,   8.16000,
,,,-00.004460000000,   8.08000,
,,,-00.004440000000,   8.00000,
,,,-00.004420000000,   8.00000,
,,,-00.004400000000,   7.92000,
,,,-00.004380000000,   7.84000,
,,,-00.004360000000,   7.84000,
,,,-00.004340000000,   7.76000,
,,,-00.004320000000,   7.68000,
,,,-00.004300000000,   7.68000,
,,,-00.004280000000,   7.60000,
,,,-00.004260000000,   7.60000,
,,,-00.004240000000,   7.60000,
,,,-00.004220000000,   7.52000,
,,,-00.004200000000,   7.52000,
,,,-00.004180000000,   7.52000,
,,,-00.004160000000,   7.52000,
,,,-00.004140000000,   7.44000,
,,,-00.004120000000,   7.44000,
,,,-00.004100000000,   7.44000,
,,,-00.004080000000,   7.36000,
,,,-00.004060000000,   7.36000,
,,,-00.004040000000,   7.36000,
,,,-00.004020000000,   7.28000,
,,,-00.004000000000,   7.20000,
,,,-00.003980000000,   7.12000,
,,,-00.003960000000,   7.12000,
,,,-00.003940000000,   7.04000,
,,,-00.003920000000,   7.04000,
,,,-00.003900000000,   7.04000,
,,,-00.003880000000,   6.96000,
,,,-00.003860000000,   6.88000,
,,,-00.003840000000,   6.80000,
,,,-00.003820000000,   6.80000,
,,,-00.003800000000,   6.72000,
,,,-00.003780000000,   6.64000,
,,,-00.003760000000,   6.64000,
,,,-00.003740000000,   6.56000,
,,,-00.003720000000,   6.56000,
,,,-00.003700000000,   6.56000,
,,,-00.003680000000,   6.48000,
,,,-00.003660000000,   6.48000,
,,,-00.003640000000,   6.48000,
,,,-00.003620000000,   6.48000,
,,,-00.003600000000,   6.40000,
,,,-00.003580000000,   6.32000,
,,,-00.003560000000,   6.32000,
,,,-00.003540000000,   6.24000,
,,,-00.003520000000,   6.16000,
,,,-00.003500000000,   6.16000,
,,,-00.003480000000,   6.08000,
,,,-00.003460000000,   6.00000,
,,,-00.003440000000,   6.00000,
,,,-00.003420000000,   5.84000,
,,,-00.003400000000,   5.84000,
,,,-00.003380000000,   5.76000,
,,,-00.003360000000,   5.76000,
,,,-00.003340000000,   5.76000,
,,,-00.003320000000,   5.68000,
,,,-00.003300000000,   5.60000,
,,,-00.003280000000,   5.60000,
,,,-00.003260000000,   5.52000,
,,,-00.003240000000,   5.52000,
,,,-00.003220000000,   5.36000,
,,,-00.003200000000,   5.36000,
,,,-00.003180000000,   5.28000,
,,,-00.003160000000,   5.28000,
,,,-00.003140000000,   5.28000,
,,,-00.003120000000,   5.28000,
,,,-00.003100000000,   5.20000,
,,,-00.003080000000,   5.20000,
,,,-00.003060000000,   5.12000,
,,,-00.003040000000,   5.04000,
,,,-00.003020000000,   5.04000,
,,,-00.003000000000,   5.04000,
,,,-00.002980000000,   5.04000,
,,,-00.002960000000,   4.96000,
,,,-00.002940000000,   4.88000,
,,,-00.002920000000,   4.88000,
,,,-00.002900000000,   4.80000,
,,,-00.002880000000,   4.72000,
,,,-00.002860000000,   4.72000,
,,,-00.002840000000,   4.64000,
,,,-00.002820000000,   4.56000,
,,,-00.002800000000,   4.64000,
,,,-00.002780000000,   4.48000,
,,,-00.002760000000,   4.48000,
,,,-00.002740000000,   4.48000,
,,,-00.002720000000,   4.40000,
,,,-00.002700000000,   4.40000,
,,,-00.002680000000,   4.40000,
,,,-00.002660000000,   4.32000,
,,,-00.002640000000,   4.24000,
,,,-00.002620000000,   4.32000,
,,,-00.002600000000,   4.24000,
,,,-00.002580000000,   4.24000,
,,,-00.002560000000,   4.24000,
,,,-00.002540000000,   4.08000,
,,,-00.002520000000,   4.24000,
,,,-00.002500000000,   4.24000,
,,,-00.002480000000,   4.24000,
,,,-00.002460000000,   4.24000,
,,,-00.002440000000,   4.16000,
,,,-00.002420000000,   4.16000,
,,,-00.002400000000,   4.16000,
,,,-00.002380000000,   4.16000,
,,,-00.002360000000,   4.16000,
,,,-00.002340000000,   4.16000,
,,,-00.002320000000,   4.16000,
,,,-00.002300000000,   4.16000,
,,,-00.002280000000,   4.08000,
,,,-00.002260000000,   4.16000,
,,,-00.002240000000,   4.16000,
,,,-00.002220000000,   4.16000,
,,,-00.002200000000,   4.16000,
,,,-00.002180000000,   4.08000,
,,,-00.002160000000,   4.08000,
,,,-00.002140000000,   4.24000,
,,,-00.002120000000,   4.24000,
,,,-00.002100000000,   4.24000,
,,,-00.002080000000,   4.24000,
,,,-00.002060000000,   4.32000,
,,,-00.002040000000,   4.32000,
,,,-00.002020000000,   4.32000,
,,,-00.002000000000,   4.32000,
,,,-00.001980000000,   4.32000,
,,,-00.001960000000,   4.32000,
,,,-00.001940000000,   4.32000,
,,,-00.001920000000,   4.40000,
,,,-00.001900000000,   4.32000,
,,,-00.001880000000,   4.40000,
,,,-00.001860000000,   4.40000,
,,,-00.001840000000,   4.32000,
,,,-00.001820000000,   4.40000,
,,,-00.001800000000,   4.32000,
,,,-00.001780000000,   4.40000,
,,,-00.001760000000,   4.40000,
,,,-00.001740000000,   4.40000,
,,,-00.001720000000,   4.40000,
,,,-00.001700000000,   4.40000,
,,,-00.001680000000,   4.48000,
,,,-00.001660000000,   4.48000,
,,,-00.001640000000,   4.48000,
,,,-00.001620000000,   4.56000,
,,,-00.001600000000,   4.56000,
,,,-00.001580000000,   4.56000,
,,,-00.001560000000,   4.64000,
,,,-00.001540000000,   4.64000,
,,,-00.001520000000,   4.64000,
,,,-00.001500000000,   4.64000,
,,,-00.001480000000,   4.72000,
,,,-00.001460000000,   4.72000,
,,,-00.001440000000,   4.72000,
,,,-00.001420000000,   4.72000,
,,,-00.001400000000,   4.80000,
,,,-00.001380000000,   4.72000,
,,,-00.001360000000,   4.80000,
,,,-00.001340000000,   4.80000,
,,,-00.001320000000,   4.80000,
,,,-00.001300000000,   4.80000,
,,,-00.001280000000,   4.88000,
,,,-00.001260000000,   4.88000,
,,,-00.001240000000,   4.96000,
,,,-00.001220000000,   4.96000,
,,,-00.001200000000,   4.96000,
,,,-00.001180000000,   4.96000,
,,,-00.001160000000,   5.04000,
,,,-00.001140000000,   5.04000,
,,,-00.001120000000,   5.12000,
,,,-00.001100000000,   5.12000,
,,,-00.001080000000,   5.12000,
,,,-00.001060000000,   5.20000,
,,,-00.001040000000,   5.20000,
,,,-00.001020000000,   5.20000,
,,,-00.001000000000,   5.28000,
,,,-00.000980000000,   5.28000,
,,,-00.000960000000,   5.36000,
,,,-00.000940000000,   5.36000,
,,,-00.000920000000,   5.36000,
,,,-00.000900000000,   5.44000,
,,,-00.000880000000,   5.44000,
,,,-00.000860000000,   5.44000,
,,,-00.000840000000,   5.44000,
,,,-00.000820000000,   5.52000,
,,,-00.000800000000,   5.44000,
,,,-00.000780000000,   5.52000,
,,,-00.000760000000,   5.60000,
,,,-00.000740000000,   5.60000,
,,,-00.000720000000,   5.60000,
,,,-00.000700000000,   5.60000,
,,,-00.000680000000,   5.68000,
,,,-00.000660000000,   5.76000,
,,,-00.000640000000,   5.76000,
,,,-00.000620000000,   5.76000,
,,,-00.000600000000,   5.84000,
,,,-00.000580000000,   5.84000,
,,,-00.000560000000,   5.84000,
,,,-00.000540000000,   5.92000,
,,,-00.000520000000,   5.92000,
,,,-00.000500000000,   6.00000,
,,,-00.000480000000,   6.00000,
,,,-00.000460000000,   6.08000,
,,,-00.000440000000,   6.08000,
,,,-00.000420000000,   6.16000,
,,,-00.000400000000,   6.16000,
,,,-00.000380000000,   6.16000,
,,,-00.000360000000,   6.24000,
,,,-00.000340000000,   6.16000,
,,,-00.000320000000,   6.24000,
,,,-00.000300000000,   6.24000,
,,,-00.000280000000,   6.32000,
,,,-00.000260000000,   6.32000,
,,,-00.000240000000,   6.32000,
,,,-00.000220000000,   6.40000,
,,,-00.000200000000,   6.40000,
,,,-00.000180000000,   6.40000,
,,,-00.000160000000,   6.48000,
,,,-00.000140000000,   6.48000,
,,,-00.000120000000,   6.48000,
,,,-00.000100000000,   6.56000,
,,,-00.000080000000,   6.64000,
,,,-00.000060000000,   6.72000,
,,,-00.000040000000,   6.72000,
,,,-00.000020000000,   6.80000,
,,,-00.000000000000,   6.80000,
,,,00.000020000000,   6.80000,
,,,00.000040000000,   6.88000,
,,,00.000060000000,   6.88000,
,,,00.000080000000,   6.96000,
,,,00.000100000000,   6.96000,
,,,00.000120000000,   7.04000,
,,,00.000140000000,   7.04000,
,,,00.000160000000,   7.04000,
,,,00.000180000000,   7.12000,
,,,00.000200000000,   7.12000,
,,,00.000220000000,   7.12000,
,,,00.000240000000,   7.12000,
,,,00.000260000000,   7.20000,
,,,00.000280000000,   7.20000,
,,,00.000300000000,   7.20000,
,,,00.000320000000,   7.28000,
,,,00.000340000000,   7.28000,
,,,00.000360000000,   7.36000,
,,,00.000380000000,   7.36000,
,,,00.000400000000,   7.36000,
,,,00.000420000000,   7.36000,
,,,00.000440000000,   7.44000,
,,,00.000460000000,   7.52000,
,,,00.000480000000,   7.60000,
,,,00.000500000000,   7.60000,
,,,00.000520000000,   7.60000,
,,,00.000540000000,   7.60000,
,,,00.000560000000,   7.68000,
,,,00.000580000000,   7.68000,
,,,00.000600000000,   7.76000,
,,,00.000620000000,   7.76000,
,,,00.000640000000,   7.76000,
,,,00.000660000000,   7.76000,
,,,00.000680000000,   7.84000,
,,,00.000700000000,   7.84000,
,,,00.000720000000,   7.84000,
,,,00.000740000000,   7.92000,
,,,00.000760000000,   7.92000,
,,,00.000780000000,   7.92000,
,,,00.000800000000,   7.92000,
,,,00.000820000000,   8.00000,
,,,00.000840000000,   8.00000,
,,,00.000860000000,   8.08000,
,,,00.000880000000,   8.08000,
,,,00.000900000000,   8.08000,
,,,00.000920000000,   8.16000,
,,,00.000940000000,   8.16000,
,,,00.000960000000,   8.24000,
,,,00.000980000000,   8.32000,
,,,00.001000000000,   8.32000,
,,,00.001020000000,   8.32000,
,,,00.001040000000,   8.32000,
,,,00.001060000000,   8.40000,
,,,00.001080000000,   8.40000,
,,,00.001100000000,   8.40000,
,,,00.001120000000,   8.48000,
,,,00.001140000000,   8.48000,
,,,00.001160000000,   8.48000,
,,,00.001180000000,   8.48000,
,,,00.001200000000,   8.48000,
,,,00.001220000000,   8.56000,
,,,00.001240000000,   8.56000,
,,,00.001260000000,   8.48000,
,,,00.001280000000,   8.64000,
,,,00.001300000000,   8.64000,
,,,00.001320000000,   8.64000,
,,,00.001340000000,   8.64000,
,,,00.001360000000,   8.64000,
,,,00.001380000000,   8.72000,
,,,00.001400000000,   8.80000,
,,,00.001420000000,   8.80000,
,,,00.001440000000,   8.80000,
,,,00.001460000000,   8.88000,
,,,00.001480000000,   8.88000,
,,,00.001500000000,   8.96000,
,,,00.001520000000,   8.96000,
,,,00.001540000000,   8.96000,
,,,00.001560000000,   9.04000,
,,,00.001580000000,   8.96000,
,,,00.001600000000,   8.96000,
,,,00.001620000000,   9.04000,
,,,00.001640000000,   9.04000,
,,,00.001660000000,   9.04000,
,,,00.001680000000,   9.04000,
,,,00.001700000000,   9.04000,
,,,00.001720000000,   9.12000,
,,,00.001740000000,   9.12000,
,,,00.001760000000,   9.12000,
,,,00.001780000000,   9.12000,
,,,00.001800000000,   9.12000,
,,,00.001820000000,   9.12000,
,,,00.001840000000,   9.20000,
,,,00.001860000000,   9.20000,
,,,00.001880000000,   9.20000,
,,,00.001900000000,   9.20000,
,,,00.001920000000,   9.28000,
,,,00.001940000000,   9.36000,
,,,00.001960000000,   9.36000,
,,,00.001980000000,   9.36000,
,,,00.002000000000,   9.44000,
,,,00.002020000000,   9.44000,
,,,00.002040000000,   9.44000,
,,,00.002060000000,   9.44000,
,,,00.002080000000,   9.52000,
,,,00.002100000000,   9.44000,
,,,00.002120000000,   9.52000,
,,,00.002140000000,   9.60000,
,,,00.002160000000,   9.60000,
,,,00.002180000000,   9.60000,
,,,00.002200000000,   9.60000,
,,,00.002220000000,   9.60000,
,,,00.002240000000,   9.60000,
,,,00.002260000000,   9.52000,
,,,00.002280000000,   9.60000,
,,,00.002300000000,   9.68000,
,,,00.002320000000,   9.60000,
,,,00.002340000000,   9.60000,
,,,00.002360000000,   9.68000,
,,,00.002380000000,   9.68000,
,,,00.002400000000,   9.68000,
,,,00.002420000000,   9.76000,
,,,00.002440000000,   9.68000,
,,,00.002460000000,   9.76000,
,,,00.002480000000,   9.76000,
,,,00.002500000000,   9.76000,
,,,00.002520000000,   9.84000,
,,,00.002540000000,   9.84000,
,,,00.002560000000,   9.84000,
,,,00.002580000000,   9.84000,
,,,00.002600000000,   9.92000,
,,,00.002620000000,   9.92000,
,,,00.002640000000,  10.00000,
,,,00.002660000000,   9.92000,
,,,00.002680000000,  10.00000,
,,,00.002700000000,  10.00000,
,,,00.002720000000,  10.00000,
,,,00.002740000000,  10.00000,
,,,00.002760000000,   9.92000,
,,,00.002780000000,  10.00000,
,,,00.002800000000,  10.00000,
,,,00.002820000000,  10.00000,
,,,00.002840000000,   9.92000,
,,,00.002860000000,  10.00000,
,,,00.002880000000,   9.92000,
,,,00.002900000000,  10.00000,
,,,00.002920000000,  10.00000,
,,,00.002940000000,  10.00000,
,,,00.002960000000,  10.00000,
,,,00.002980000000,  10.08000,
,,,00.003000000000,  10.16000,
,,,00.003020000000,  10.08000,
,,,00.003040000000,  10.08000,
,,,00.003060000000,  10.08000,
,,,00.003080000000,  10.08000,
,,,00.003100000000,  10.16000,
,,,00.003120000000,  10.16000,
,,,00.003140000000,  10.16000,
,,,00.003160000000,  10.16000,
,,,00.003180000000,  10.16000,
,,,00.003200000000,  10.16000,
,,,00.003220000000,  10.08000,
,,,00.003240000000,  10.16000,
,,,00.003260000000,  10.08000,
,,,00.003280000000,  10.08000,
,,,00.003300000000,  10.00000,
,,,00.003320000000,  10.08000,
,,,00.003340000000,  10.08000,
,,,00.003360000000,  10.08000,
,,,00.003380000000,  10.08000,
,,,00.003400000000,  10.08000,
,,,00.003420000000,  10.08000,
,,,00.003440000000,  10.00000,
,,,00.003460000000,  10.08000,
,,,00.003480000000,  10.08000,
,,,00.003500000000,  10.08000,
,,,00.003520000000,  10.08000,
,,,00.003540000000,  10.08000,
,,,00.003560000000,  10.16000,
,,,00.003580000000,  10.08000,
,,,00.003600000000,  10.16000,
,,,00.003620000000,  10.08000,
,,,00.003640000000,  10.08000,
,,,00.003660000000,  10.16000,
,,,00.003680000000,  10.08000,
,,,00.003700000000,  10.08000,
,,,00.003720000000,  10.08000,
,,,00.003740000000,  10.08000,
,,,00.003760000000,  10.00000,
,,,00.003780000000,  10.00000,
,,,00.003800000000,  10.00000,
,,,00.003820000000,  10.00000,
,,,00.003840000000,  10.00000,
,,,00.003860000000,   9.92000,
,,,00.003880000000,   9.92000,
,,,00.003900000000,   9.92000,
,,,00.003920000000,   9.92000,
,,,00.003940000000,   9.92000,
,,,00.003960000000,   9.92000,
,,,00.003980000000,   9.92000,
,,,00.004000000000,   9.92000,
,,,00.004020000000,   9.92000,
,,,00.004040000000,   9.84000,
,,,00.004060000000,   9.92000,
,,,00.004080000000,   9.92000,
,,,00.004100000000,   9.92000,
,,,00.004120000000,   9.76000,
,,,00.004140000000,   9.84000,
,,,00.004160000000,   9.84000,
,,,00.004180000000,   9.84000,
,,,00.004200000000,   9.84000,
,,,00.004220000000,   9.76000,
,,,00.004240000000,   9.76000,
,,,00.004260000000,   9.76000,
,,,00.004280000000,   9.68000,
,,,00.004300000000,   9.68000,
,,,00.004320000000,   9.68000,
,,,00.004340000000,   9.60000,
,,,00.004360000000,   9.68000,
,,,00.004380000000,   9.60000,
,,,00.004400000000,   9.60000,
,,,00.004420000000,   9.52000,
,,,00.004440000000,   9.52000,
,,,00.004460000000,   9.52000,
,,,00.004480000000,   9.44000,
,,,00.004500000000,   9.52000,
,,,00.004520000000,   9.44000,
,,,00.004540000000,   9.44000,
,,,00.004560000000,   9.44000,
,,,00.004580000000,   9.44000,
,,,00.004600000000,   9.44000,
,,,00.004620000000,   9.44000,
,,,00.004640000000,   9.36000,
,,,00.004660000000,   9.36000,
,,,00.004680000000,   9.28000,
,,,00.004700000000,   9.36000,
,,,00.004720000000,   9.36000,
,,,00.004740000000,   9.28000,
,,,00.004760000000,   9.20000,
,,,00.004780000000,   9.12000,
,,,00.004800000000,   9.12000,
,,,00.004820000000,   9.04000,
,,,00.004840000000,   9.04000,
,,,00.004860000000,   9.04000,
,,,00.004880000000,   8.96000,
,,,00.004900000000,   8.96000,
,,,00.004920000000,   8.96000,
,,,00.004940000000,   8.96000,
,,,00.004960000000,   8.88000,
,,,00.004980000000,   8.96000,
,,,00.005000000000,   8.96000,
,,,00.005020000000,   8.88000,
,,,00.005040000000,   8.88000,
,,,00.005060000000,   8.80000,
,,,00.005080000000,   8.80000,
,,,00.005100000000,   8.88000,
,,,00.005120000000,   8.80000,
,,,00.005140000000,   8.72000,
,,,00.005160000000,   8.72000,
,,,00.005180000000,   8.72000,
,,,00.005200000000,   8.64000,
,,,00.005220000000,   8.64000,
,,,00.005240000000,   8.64000,
,,,00.005260000000,   8.56000,
,,,00.005280000000,   8.48000,
,,,00.005300000000,   8.40000,
,,,00.005320000000,   8.40000,
,,,00.005340000000,   8.40000,
,,,00.005360000000,   8.32000,
,,,00.005380000000,   8.32000,
,,,00.005400000000,   8.24000,
,,,00.005420000000,   8.24000,
,,,00.005440000000,   8.16000,
,,,00.005460000000,   8.16000,
,,,00.005480000000,   8.08000,
,,,00.005500000000,   8.08000,
,,,00.005520000000,   8.08000,
,,,00.005540000000,   8.00000,
,,,00.005560000000,   8.00000,
,,,00.005580000000,   8.00000,
,,,00.005600000000,   7.92000,
,,,00.005620000000,   7.92000,
,,,00.005640000000,   7.92000,
,,,00.005660000000,   7.84000,
,,,00.005680000000,   7.84000,
,,,00.005700000000,   7.76000,
,,,00.005720000000,   7.76000,
,,,00.005740000000,   7.76000,
,,,00.005760000000,   7.68000,
,,,00.005780000000,   7.60000,
,,,00.005800000000,   7.60000,
,,,00.005820000000,   7.52000,
,,,00.005840000000,   7.44000,
,,,00.005860000000,   7.36000,
,,,00.005880000000,   7.36000,
,,,00.005900000000,   7.36000,
,,,00.005920000000,   7.28000,
,,,00.005940000000,   7.28000,
,,,00.005960000000,   7.28000,
,,,00.005980000000,   7.20000,
,,,00.006000000000,   7.12000,
,,,00.006020000000,   7.12000,
,,,00.006040000000,   7.04000,
,,,00.006060000000,   7.04000,
,,,00.006080000000,   7.04000,
,,,00.006100000000,   6.96000,
,,,00.006120000000,   6.96000,
,,,00.006140000000,   6.88000,
,,,00.006160000000,   6.80000,
,,,00.006180000000,   6.80000,
,,,00.006200000000,   6.80000,
,,,00.006220000000,   6.72000,
,,,00.006240000000,   6.64000,
,,,00.006260000000,   6.64000,
,,,00.006280000000,   6.56000,
,,,00.006300000000,   6.56000,
,,,00.006320000000,   6.48000,
,,,00.006340000000,   6.40000,
,,,00.006360000000,   6.40000,
,,,00.006380000000,   6.40000,
,,,00.006400000000,   6.24000,
,,,00.006420000000,   6.24000,
,,,00.006440000000,   6.16000,
,,,00.006460000000,   6.08000,
,,,00.006480000000,   6.08000,
,,,00.006500000000,   6.00000,
,,,00.006520000000,   6.00000,
,,,00.006540000000,   6.00000,
,,,00.006560000000,   5.92000,
,,,00.006580000000,   5.92000,
,,,00.006600000000,   5.84000,
,,,00.006620000000,   5.84000,
,,,00.006640000000,   5.76000,
,,,00.006660000000,   5.76000,
,,,00.006680000000,   5.68000,
,,,00.006700000000,   5.60000,
,,,00.006720000000,   5.60000,
,,,00.006740000000,   5.60000,
,,,00.006760000000,   5.52000,
,,,00.006780000000,   5.52000,
,,,00.006800000000,   5.44000,
,,,00.006820000000,   5.36000,
,,,00.006840000000,   5.28000,
,,,00.006860000000,   5.28000,
,,,00.006880000000,   5.12000,
,,,00.006900000000,   5.12000,
,,,00.006920000000,   5.12000,
,,,00.006940000000,   5.04000,
,,,00.006960000000,   4.96000,
,,,00.006980000000,   4.96000,
,,,00.007000000000,   4.88000,
,,,00.007020000000,   4.88000,
,,,00.007040000000,   4.88000,
,,,00.007060000000,   4.72000,
,,,00.007080000000,   4.80000,
,,,00.007100000000,   4.72000,
,,,00.007120000000,   4.64000,
,,,00.007140000000,   4.72000,
,,,00.007160000000,   4.72000,
,,,00.007180000000,   4.64000,
,,,00.007200000000,   4.64000,
,,,00.007220000000,   4.56000,
,,,00.007240000000,   4.56000,
,,,00.007260000000,   4.56000,
,,,00.007280000000,   4.48000,
,,,00.007300000000,   4.40000,
,,,00.007320000000,   4.40000,
,,,00.007340000000,   4.32000,
,,,00.007360000000,   4.32000,
,,,00.007380000000,   4.24000,
,,,00.007400000000,   4.24000,
,,,00.007420000000,   4.16000,
,,,00.007440000000,   4.08000,
,,,00.007460000000,   4.24000,
,,,00.007480000000,   4.08000,
,,,00.007500000000,   4.08000,
,,,00.007520000000,   4.08000,
,,,00.007540000000,   4.08000,
,,,00.007560000000,   4.16000,
,,,00.007580000000,   4.08000,
,,,00.007600000000,   4.16000,
,,,00.007620000000,   4.24000,
,,,00.007640000000,   4.24000,
,,,00.007660000000,   4.24000,
,,,00.007680000000,   4.24000,
,,,00.007700000000,   4.24000,
,,,00.007720000000,   4.16000,
,,,00.007740000000,   4.24000,
,,,00.007760000000,   4.24000,
,,,00.007780000000,   4.24000,
,,,00.007800000000,   4.24000,
,,,00.007820000000,   4.24000,
,,,00.007840000000,   4.24000,
,,,00.007860000000,   4.24000,
,,,00.007880000000,   4.24000,
,,,00.007900000000,   4.24000,
,,,00.007920000000,   4.24000,
,,,00.007940000000,   4.24000,
,,,00.007960000000,   4.24000,
,,,00.007980000000,   4.24000,
,,,00.008000000000,   4.24000,
,,,00.008020000000,   4.24000,
,,,00.008040000000,   4.24000,
,,,00.008060000000,   4.24000,
,,,00.008080000000,   4.24000,
,,,00.008100000000,   4.32000,
,,,00.008120000000,   4.24000,
,,,00.008140000000,   4.32000,
,,,00.008160000000,   4.40000,
,,,00.008180000000,   4.40000,
,,,00.008200000000,   4.40000,
,,,00.008220000000,   4.40000,
,,,00.008240000000,   4.40000,
,,,00.008260000000,   4.40000,
,,,00.008280000000,   4.56000,
,,,00.008300000000,   4.48000,
,,,00.008320000000,   4.48000,
,,,00.008340000000,   4.56000,
,,,00.008360000000,   4.48000,
,,,00.008380000000,   4.56000,
,,,00.008400000000,   4.48000,
,,,00.008420000000,   4.56000,
,,,00.008440000000,   4.56000,
,,,00.008460000000,   4.56000,
,,,00.008480000000,   4.56000,
,,,00.008500000000,   4.64000,
,,,00.008520000000,   4.56000,
,,,00.008540000000,   4.64000,
,,,00.008560000000,   4.64000,
,,,00.008580000000,   4.72000,
,,,00.008600000000,   4.72000,
,,,00.008620000000,   4.72000,
,,,00.008640000000,   4.80000,
,,,00.008660000000,   4.72000,
,,,00.008680000000,   4.80000,
,,,00.008700000000,   4.88000,
,,,00.008720000000,   4.96000,
,,,00.008740000000,   4.96000,
,,,00.008760000000,   4.96000,
,,,00.008780000000,   5.04000,
,,,00.008800000000,   5.04000,
,,,00.008820000000,   5.04000,
,,,00.008840000000,   5.04000,
,,,00.008860000000,   5.04000,
,,,00.008880000000,   5.04000,
,,,00.008900000000,   5.04000,
,,,00.008920000000,   5.04000,
,,,00.008940000000,   5.12000,
,,,00.008960000000,   5.12000,
,,,00.008980000000,   5.20000,
,,,00.009000000000,   5.20000,
,,,00.009020000000,   5.20000,
,,,00.009040000000,   5.20000,
,,,00.009060000000,   5.28000,
,,,00.009080000000,   5.28000,
,,,00.009100000000,   5.28000,
,,,00.009120000000,   5.36000,
,,,00.009140000000,   5.36000,
,,,00.009160000000,   5.52000,
,,,00.009180000000,   5.52000,
,,,00.009200000000,   5.60000,
,,,00.009220000000,   5.52000,
,,,00.009240000000,   5.60000,
,,,00.009260000000,   5.60000,
,,,00.009280000000,   5.68000,
,,,00.009300000000,   5.68000,
,,,00.009320000000,   5.68000,
,,,00.009340000000,   5.76000,
,,,00.009360000000,   5.76000,
,,,00.009380000000,   5.76000,
,,,00.009400000000,   5.76000,
,,,00.009420000000,   5.84000,
,,,00.009440000000,   5.84000,
,,,00.009460000000,   5.84000,
,,,00.009480000000,   5.84000,
,,,00.009500000000,   5.92000,
,,,00.009520000000,   5.92000,
,,,00.009540000000,   5.92000,
,,,00.009560000000,   6.00000,
,,,00.009580000000,   6.00000,
,,,00.009600000000,   6.08000,
,,,00.009620000000,   6.08000,
,,,00.009640000000,   6.08000,
,,,00.009660000000,   6.16000,
,,,00.009680000000,   6.24000,
,,,00.009700000000,   6.24000,
,,,00.009720000000,   6.32000,
,,,00.009740000000,   6.32000,
,,,00.009760000000,   6.40000,
,,,00.009780000000,   6.40000,
,,,00.009800000000,   6.48000,
,,,00.009820000000,   6.48000,
,,,00.009840000000,   6.48000,
,,,00.009860000000,   6.56000,
,,,00.009880000000,   6.48000,
,,,00.009900000000,   6.56000,
,,,00.009920000000,   6.56000,
,,,00.009940000000,   6.56000,
,,,00.009960000000,   6.64000,
,,,00.009980000000,   6.64000,
,,,00.010000000000,   6.64000,
,,,00.010020000000,   6.72000,
,,,00.010040000000,   6.80000,
,,,00.010060000000,   6.80000,
,,,00.010080000000,   6.80000,
,,,00.010100000000,   6.80000,
,,,00.010120000000,   6.88000,
,,,00.010140000000,   6.96000,
,,,00.010160000000,   6.96000,
,,,00.010180000000,   6.96000,
,,,00.010200000000,   7.12000,
,,,00.010220000000,   7.12000,
,,,00.010240000000,   7.12000,
,,,00.010260000000,   7.20000,
,,,00.010280000000,   7.20000,
,,,00.010300000000,   7.28000,
,,,00.010320000000,   7.28000,
,,,00.010340000000,   7.28000,
,,,00.010360000000,   7.36000,
,,,00.010380000000,   7.36000,
,,,00.010400000000,   7.44000,
,,,00.010420000000,   7.36000,
,,,00.010440000000,   7.44000,
,,,00.010460000000,   7.44000,
,,,00.010480000000,   7.44000,
,,,00.010500000000,   7.52000,
,,,00.010520000000,   7.52000,
,,,00.010540000000,   7.52000,
,,,00.010560000000,   7.52000,
,,,00.010580000000,   7.52000,
,,,00.010600000000,   7.60000,
,,,00.010620000000,   7.68000,
,,,00.010640000000,   7.68000,
,,,00.010660000000,   7.68000,
,,,00.010680000000,   7.76000,
,,,00.010700000000,   7.76000,
,,,00.010720000000,   7.84000,
,,,00.010740000000,   7.92000,
,,,00.010760000000,   7.92000,
,,,00.010780000000,   8.00000,
,,,00.010800000000,   8.16000,
,,,00.010820000000,   8.08000,
,,,00.010840000000,   8.08000,
,,,00.010860000000,   8.08000,
,,,00.010880000000,   8.08000,
,,,00.010900000000,   8.16000,
,,,00.010920000000,   8.16000,
,,,00.010940000000,   8.16000,
,,,00.010960000000,   8.16000,
,,,00.010980000000,   8.24000,
,,,00.011000000000,   8.16000,
,,,00.011020000000,   8.24000,
,,,00.011040000000,   8.24000,
,,,00.011060000000,   8.32000,
,,,00.011080000000,   8.24000,
,,,00.011100000000,   8.40000,
,,,00.011120000000,   8.32000,
,,,00.011140000000,   8.40000,
,,,00.011160000000,   8.48000,
,,,00.011180000000,   8.40000,
,,,00.011200000000,   8.48000,
,,,00.011220000000,   8.56000,
,,,00.011240000000,   8.56000,
,,,00.011260000000,   8.64000,
,,,00.011280000000,   8.64000,
,,,00.011300000000,   8.72000,
,,,00.011320000000,   8.72000,
,,,00.011340000000,   8.72000,
,,,00.011360000000,   8.80000,
,,,00.011380000000,   8.80000,
,,,00.011400000000,   8.80000,
,,,00.011420000000,   8.80000,
,,,00.011440000000,   8.80000,
,,,00.011460000000,   8.80000,
,,,00.011480000000,   8.80000,
,,,00.011500000000,   8.88000,
,,,00.011520000000,   8.88000,
,,,00.011540000000,   8.88000,
,,,00.011560000000,   8.96000,
,,,00.011580000000,   8.88000,
,,,00.011600000000,   8.96000,
,,,00.011620000000,   8.96000,
,,,00.011640000000,   8.96000,
,,,00.011660000000,   8.96000,
,,,00.011680000000,   8.96000,
,,,00.011700000000,   9.04000,
,,,00.011720000000,   9.04000,
,,,00.011740000000,   9.12000,
,,,00.011760000000,   9.12000,
,,,00.011780000000,   9.20000,
,,,00.011800000000,   9.20000,
,,,00.011820000000,   9.12000,
,,,00.011840000000,   9.20000,
,,,00.011860000000,   9.36000,
,,,00.011880000000,   9.20000,
,,,00.011900000000,   9.28000,
,,,00.011920000000,   9.28000,
,,,00.011940000000,   9.36000,
,,,00.011960000000,   9.36000,
,,,00.011980000000,   9.36000,
,,,00.012000000000,   9.36000,
,,,00.012020000000,   9.36000,
,,,00.012040000000,   9.36000,
,,,00.012060000000,   9.36000,
,,,00.012080000000,   9.44000,
,,,00.012100000000,   9.44000,
,,,00.012120000000,   9.44000,
,,,00.012140000000,   9.44000,
,,,00.012160000000,   9.44000,
,,,00.012180000000,   9.52000,
,,,00.012200000000,   9.52000,
,,,00.012220000000,   9.60000,
,,,00.012240000000,   9.60000,
,,,00.012260000000,   9.60000,
,,,00.012280000000,   9.60000,
,,,00.012300000000,   9.68000,
,,,00.012320000000,   9.68000,
,,,00.012340000000,   9.68000,
,,,00.012360000000,   9.76000,
,,,00.012380000000,   9.68000,
,,,00.012400000000,   9.68000,
,,,00.012420000000,   9.76000,
,,,00.012440000000,   9.76000,
,,,00.012460000000,   9.76000,
,,,00.012480000000,   9.76000,
,,,00.012500000000,   9.76000,
,,,00.012520000000,   9.76000,
,,,00.012540000000,   9.76000,
,,,00.012560000000,   9.84000,
,,,00.012580000000,   9.76000,
,,,00.012600000000,   9.84000,
,,,00.012620000000,   9.84000,
,,,00.012640000000,   9.84000,
,,,00.012660000000,   9.84000,
,,,00.012680000000,   9.84000,
,,,00.012700000000,   9.92000,
,,,00.012720000000,   9.92000,
,,,00.012740000000,   9.92000,
,,,00.012760000000,   9.92000,
,,,00.012780000000,   9.92000,
,,,00.012800000000,  10.00000,
,,,00.012820000000,  10.00000,
,,,00.012840000000,  10.00000,
,,,00.012860000000,  10.00000,
,,,00.012880000000,  10.08000,
,,,00.012900000000,  10.08000,
,,,00.012920000000,  10.00000,
,,,00.012940000000,  10.08000,
,,,00.012960000000,  10.08000,
,,,00.012980000000,  10.08000,
,,,00.013000000000,  10.00000,
,,,00.013020000000,  10.00000,
,,,00.013040000000,  10.08000,
,,,00.013060000000,  10.00000,
,,,00.013080000000,  10.08000,
,,,00.013100000000,  10.00000,
,,,00.013120000000,  10.00000,
,,,00.013140000000,  10.08000,
,,,00.013160000000,  10.08000,
,,,00.013180000000,  10.00000,
,,,00.013200000000,  10.08000,
,,,00.013220000000,  10.08000,
,,,00.013240000000,  10.08000,
,,,00.013260000000,  10.08000,
,,,00.013280000000,  10.08000,
,,,00.013300000000,  10.08000,
,,,00.013320000000,  10.16000,
,,,00.013340000000,  10.16000,
,,,00.013360000000,  10.16000,
,,,00.013380000000,  10.08000,
,,,00.013400000000,  10.16000,
,,,00.013420000000,  10.16000,
,,,00.013440000000,  10.16000,
,,,00.013460000000,  10.08000,
,,,00.013480000000,  10.08000,
,,,00.013500000000,  10.08000,
,,,00.013520000000,  10.08000,
,,,00.013540000000,  10.00000,
,,,00.013560000000,  10.00000,
,,,00.013580000000,  10.08000,
,,,00.013600000000,  10.00000,
,,,00.013620000000,  10.00000,
,,,00.013640000000,  10.08000,
,,,00.013660000000,  10.00000,
,,,00.013680000000,  10.00000,
,,,00.013700000000,   9.92000,
,,,00.013720000000,   9.92000,
,,,00.013740000000,  10.00000,
,,,00.013760000000,  10.00000,
,,,00.013780000000,  10.00000,
,,,00.013800000000,  10.00000,
,,,00.013820000000,  10.00000,
,,,00.013840000000,  10.00000,
,,,00.013860000000,  10.00000,
,,,00.013880000000,  10.00000,
,,,00.013900000000,  10.00000,
,,,00.013920000000,  10.00000,
,,,00.013940000000,   9.84000,
,,,00.013960000000,  10.00000,
,,,00.013980000000,   9.92000,
,,,00.014000000000,   9.92000,
,,,00.014020000000,   9.92000,
,,,00.014040000000,   9.84000,
,,,00.014060000000,   9.84000,
,,,00.014080000000,   9.76000,
,,,00.014100000000,   9.84000,
,,,00.014120000000,   9.76000,
,,,00.014140000000,   9.76000,
,,,00.014160000000,   9.76000,
,,,00.014180000000,   9.68000,
,,,00.014200000000,   9.76000,
,,,00.014220000000,   9.76000,
,,,00.014240000000,   9.68000,
,,,00.014260000000,   9.68000,
,,,00.014280000000,   9.68000,
,,,00.014300000000,   9.60000,
,,,00.014320000000,   9.68000,
,,,00.014340000000,   9.76000,
,,,00.014360000000,   9.68000,
,,,00.014380000000,   9.68000,
,,,00.014400000000,   9.60000,
,,,00.014420000000,   9.60000,
,,,00.014440000000,   9.60000,
,,,00.014460000000,   9.60000,
,,,00.014480000000,   9.52000,
,,,00.014500000000,   9.52000,
,,,00.014520000000,   9.44000,
,,,00.014540000000,   9.44000,
,,,00.014560000000,   9.36000,
,,,00.014580000000,   9.36000,
,,,00.014600000000,   9.36000,
,,,00.014620000000,   9.28000,
,,,00.014640000000,   9.28000,
,,,00.014660000000,   9.28000,
,,,00.014680000000,   9.28000,
,,,00.014700000000,   9.28000,
,,,00.014720000000,   9.12000,
,,,00.014740000000,   9.12000,
,,,00.014760000000,   9.12000,
,,,00.014780000000,   9.12000,
,,,00.014800000000,   9.12000,
,,,00.014820000000,   9.12000,
,,,00.014840000000,   9.12000,
,,,00.014860000000,   9.12000,
,,,00.014880000000,   9.04000,
,,,00.014900000000,   8.96000,
,,,00.014920000000,   9.04000,
,,,00.014940000000,   8.96000,
,,,00.014960000000,   8.96000,
,,,00.014980000000,   9.04000,
,,,00.015000000000,   8.96000,
,,,00.015020000000,   8.88000,
,,,00.015040000000,   8.88000,
,,,00.015060000000,   8.80000,
,,,00.015080000000,   8.72000,
,,,00.015100000000,   8.72000,
,,,00.015120000000,   8.72000,
,,,00.015140000000,   8.64000,
,,,00.015160000000,   8.72000,
,,,00.015180000000,   8.64000,
,,,00.015200000000,   8.48000,
,,,00.015220000000,   8.48000,
,,,00.015240000000,   8.48000,
,,,00.015260000000,   8.40000,
,,,00.015280000000,   8.40000,
,,,00.015300000000,   8.40000,
,,,00.015320000000,   8.40000,
,,,00.015340000000,   8.40000,
,,,00.015360000000,   8.40000,
,,,00.015380000000,   8.32000,
,,,00.015400000000,   8.32000,
,,,00.015420000000,   8.24000,
,,,00.015440000000,   8.24000,
,,,00.015460000000,   8.24000,
,,,00.015480000000,   8.16000,
,,,00.015500000000,   8.16000,
,,,00.015520000000,   8.08000,
,,,00.015540000000,   8.08000,
,,,00.015560000000,   8.08000,
,,,00.015580000000,   7.92000,
,,,00.015600000000,   7.92000,
,,,00.015620000000,   7.84000,
,,,00.015640000000,   7.84000,
,,,00.015660000000,   7.76000,
,,,00.015680000000,   7.76000,
,,,00.015700000000,   7.68000,
,,,00.015720000000,   7.68000,
,,,00.015740000000,   7.60000,
,,,00.015760000000,   7.60000,
,,,00.015780000000,   7.52000,
,,,00.015800000000,   7.52000,
,,,00.015820000000,   7.52000,
,,,00.015840000000,   7.52000,
,,,00.015860000000,   7.44000,
,,,00.015880000000,   7.44000,
,,,00.015900000000,   7.36000,
,,,00.015920000000,   7.36000,
,,,00.015940000000,   7.36000,
,,,00.015960000000,   7.28000,
,,,00.015980000000,   7.28000,
,,,00.016000000000,   7.28000,
,,,00.016020000000,   7.20000,
,,,00.016040000000,   7.12000,
,,,00.016060000000,   7.04000,
,,,00.016080000000,   7.04000,
,,,00.016100000000,   6.96000,
,,,00.016120000000,   6.88000,
,,,00.016140000000,   6.88000,
,,,00.016160000000,   6.80000,
,,,00.016180000000,   6.80000,
,,,00.016200000000,   6.72000,
,,,00.016220000000,   6.64000,
,,,00.016240000000,   6.64000,
,,,00.016260000000,   6.56000,
,,,00.016280000000,   6.56000,
,,,00.016300000000,   6.48000,
,,,00.016320000000,   6.48000,
,,,00.016340000000,   6.48000,
,,,00.016360000000,   6.48000,
,,,00.016380000000,   6.40000,
,,,00.016400000000,   6.24000,
,,,00.016420000000,   6.24000,
,,,00.016440000000,   6.24000,
,,,00.016460000000,   6.24000,
,,,00.016480000000,   6.16000,
,,,00.016500000000,   6.08000,
,,,00.016520000000,   6.00000,
,,,00.016540000000,   5.92000,
,,,00.016560000000,   6.00000,
,,,00.016580000000,   5.92000,
,,,00.016600000000,   5.84000,
,,,00.016620000000,   5.76000,
,,,00.016640000000,   5.76000,
,,,00.016660000000,   5.68000,
,,,00.016680000000,   5.68000,
,,,00.016700000000,   5.60000,
,,,00.016720000000,   5.52000,
,,,00.016740000000,   5.52000,
,,,00.016760000000,   5.36000,
,,,00.016780000000,   5.36000,
,,,00.016800000000,   5.36000,
,,,00.016820000000,   5.28000,
,,,00.016840000000,   5.28000,
,,,00.016860000000,   5.28000,
,,,00.016880000000,   5.28000,
,,,00.016900000000,   5.20000,
,,,00.016920000000,   5.12000,
,,,00.016940000000,   5.12000,
,,,00.016960000000,   5.12000,
,,,00.016980000000,   5.04000,
,,,00.017000000000,   4.96000,
,,,00.017020000000,   4.96000,
,,,00.017040000000,   4.96000,
,,,00.017060000000,   4.88000,
,,,00.017080000000,   4.88000,
,,,00.017100000000,   4.80000,
,,,00.017120000000,   4.64000,
,,,00.017140000000,   4.64000,
,,,00.017160000000,   4.64000,
,,,00.017180000000,   4.56000,
,,,00.017200000000,   4.48000,
,,,00.017220000000,   4.48000,
,,,00.017240000000,   4.48000,
,,,00.017260000000,   4.40000,
,,,00.017280000000,   4.40000,
,,,00.017300000000,   4.32000,
,,,00.017320000000,   4.32000,
,,,00.017340000000,   4.32000,
,,,00.017360000000,   4.24000,
,,,00.017380000000,   4.32000,
,,,00.017400000000,   4.24000,
,,,00.017420000000,   4.24000,
,,,00.017440000000,   4.24000,
,,,00.017460000000,   4.40000,
,,,00.017480000000,   4.08000,
,,,00.017500000000,   4.24000,
,,,00.017520000000,   4.24000,
,,,00.017540000000,   4.24000,
,,,00.017560000000,   4.24000,
,,,00.017580000000,   4.24000,
,,,00.017600000000,   4.24000,
,,,00.017620000000,   4.16000,
,,,00.017640000000,   4.16000,
,,,00.017660000000,   4.16000,
,,,00.017680000000,   4.16000,
,,,00.017700000000,   4.08000,
,,,00.017720000000,   4.16000,
,,,00.017740000000,   4.08000,
,,,00.017760000000,   4.08000,
,,,00.017780000000,   4.16000,
,,,00.017800000000,   4.16000,
,,,00.017820000000,   4.24000,
,,,00.017840000000,   4.24000,
,,,00.017860000000,   4.24000,
,,,00.017880000000,   4.24000,
,,,00.017900000000,   4.24000,
,,,00.017920000000,   4.24000,
,,,00.017940000000,   4.24000,
,,,00.017960000000,   4.32000,
,,,00.017980000000,   4.32000,
,,,00.018000000000,   4.32000,
,,,00.018020000000,   4.32000,
,,,00.018040000000,   4.32000,
,,,00.018060000000,   4.32000,
,,,00.018080000000,   4.32000,
,,,00.018100000000,   4.32000,
,,,00.018120000000,   4.32000,
,,,00.018140000000,   4.32000,
,,,00.018160000000,   4.32000,
,,,00.018180000000,   4.32000,
,,,00.018200000000,   4.32000,
,,,00.018220000000,   4.32000,
,,,00.018240000000,   4.40000,
,,,00.018260000000,   4.32000,
,,,00.018280000000,   4.40000,
,,,00.018300000000,   4.40000,
,,,00.018320000000,   4.40000,
,,,00.018340000000,   4.40000,
,,,00.018360000000,   4.48000,
,,,00.018380000000,   4.48000,
,,,00.018400000000,   4.56000,
,,,00.018420000000,   4.56000,
,,,00.018440000000,   4.64000,
,,,00.018460000000,   4.64000,
,,,00.018480000000,   4.64000,
,,,00.018500000000,   4.64000,
,,,00.018520000000,   4.64000,
,,,00.018540000000,   4.72000,
,,,00.018560000000,   4.72000,
,,,00.018580000000,   4.80000,
,,,00.018600000000,   4.72000,
,,,00.018620000000,   4.80000,
,,,00.018640000000,   4.80000,
,,,00.018660000000,   4.80000,
,,,00.018680000000,   4.80000,
,,,00.018700000000,   4.80000,
,,,00.018720000000,   4.88000,
,,,00.018740000000,   4.88000,
,,,00.018760000000,   4.88000,
,,,00.018780000000,   4.96000,
,,,00.018800000000,   4.96000,
,,,00.018820000000,   4.96000,
,,,00.018840000000,   5.04000,
,,,00.018860000000,   5.04000,
,,,00.018880000000,   5.04000,
,,,00.018900000000,   5.04000,
,,,00.018920000000,   5.04000,
,,,00.018940000000,   5.12000,
,,,00.018960000000,   5.20000,
,,,00.018980000000,   5.20000,
,,,00.019000000000,   5.28000,
,,,00.019020000000,   5.28000,
,,,00.019040000000,   5.28000,
,,,00.019060000000,   5.36000,
,,,00.019080000000,   5.36000,
,,,00.019100000000,   5.36000,
,,,00.019120000000,   5.36000,
,,,00.019140000000,   5.44000,
,,,00.019160000000,   5.44000,
,,,00.019180000000,   5.44000,
,,,00.019200000000,   5.52000,
,,,00.019220000000,   5.60000,
,,,00.019240000000,   5.60000,
,,,00.019260000000,   5.60000,
,,,00.019280000000,   5.60000,
,,,00.019300000000,   5.60000,
,,,00.019320000000,   5.68000,
,,,00.019340000000,   5.68000,
,,,00.019360000000,   5.76000,
,,,00.019380000000,   5.76000,
,,,00.019400000000,   5.76000,
,,,00.019420000000,   5.84000,
,,,00.019440000000,   5.84000,
,,,00.019460000000,   5.92000,
,,,00.019480000000,   5.92000,
,,,00.019500000000,   5.92000,
,,,00.019520000000,   6.00000,
,,,00.019540000000,   6.00000,
,,,00.019560000000,   6.08000,
,,,00.019580000000,   6.08000,
,,,00.019600000000,   6.16000,
,,,00.019620000000,   6.16000,
,,,00.019640000000,   6.16000,
,,,00.019660000000,   6.24000,
,,,00.019680000000,   6.24000,
,,,00.019700000000,   6.16000,
,,,00.019720000000,   6.24000,
,,,00.019740000000,   6.32000,
,,,00.019760000000,   6.32000,
,,,00.019780000000,   6.32000,
,,,00.019800000000,   6.40000,
,,,00.019820000000,   6.40000,
,,,00.019840000000,   6.48000,
,,,00.019860000000,   6.48000,
,,,00.019880000000,   6.48000,
,,,00.019900000000,   6.56000,
,,,00.019920000000,   6.56000,
,,,00.019940000000,   6.64000,
,,,00.019960000000,   6.64000,
,,,00.019980000000,   6.72000,
,,,00.020000000000,   6.80000,
,,,00.020020000000,   6.80000,
,,,00.020040000000,   6.88000,
,,,00.020060000000,   6.88000,
,,,00.020080000000,   6.96000,
,,,00.020100000000,   6.96000,
,,,00.020120000000,   6.96000,
,,,00.020140000000,   6.96000,
,,,00.020160000000,   7.04000,
,,,00.020180000000,   7.04000,
,,,00.020200000000,   7.04000,
,,,00.020220000000,   7.04000,
,,,00.020240000000,   7.12000,
,,,00.020260000000,   7.12000,
,,,00.020280000000,   7.20000,
,,,00.020300000000,   7.20000,
,,,00.020320000000,   7.20000,
,,,00.020340000000,   7.20000,
,,,00.020360000000,   7.28000,
,,,00.020380000000,   7.28000,
,,,00.020400000000,   7.36000,
,,,00.020420000000,   7.44000,
,,,00.020440000000,   7.44000,
,,,00.020460000000,   7.52000,
,,,00.020480000000,   7.52000,
,,,00.020500000000,   7.60000,
,,,00.020520000000,   7.60000,
,,,00.020540000000,   7.60000,
,,,00.020560000000,   7.60000,
,,,00.020580000000,   7.68000,
,,,00.020600000000,   7.76000,
,,,00.020620000000,   7.76000,
,,,00.020640000000,   7.76000,
,,,00.020660000000,   7.76000,
,,,00.020680000000,   7.76000,
,,,00.020700000000,   7.84000,
,,,00.020720000000,   7.84000,
,,,00.020740000000,   7.84000,
,,,00.020760000000,   7.92000,
,,,00.020780000000,   7.84000,
,,,00.020800000000,   7.92000,
,,,00.020820000000,   7.92000,
,,,00.020840000000,   7.92000,
,,,00.020860000000,   8.00000,
,,,00.020880000000,   8.08000,
,,,00.020900000000,   8.08000,
,,,00.020920000000,   8.08000,
,,,00.020940000000,   8.16000,
,,,00.020960000000,   8.16000,
,,,00.020980000000,   8.24000,
,,,00.021000000000,   8.24000,
,,,00.021020000000,   8.24000,
,,,00.021040000000,   8.32000,
,,,00.021060000000,   8.32000,
,,,00.021080000000,   8.40000,
,,,00.021100000000,   8.40000,
,,,00.021120000000,   8.40000,
,,,00.021140000000,   8.40000,
,,,00.021160000000,   8.48000,
,,,00.021180000000,   8.48000,
,,,00.021200000000,   8.48000,
,,,00.021220000000,   8.56000,
,,,00.021240000000,   8.48000,
,,,00.021260000000,   8.56000,
,,,00.021280000000,   8.56000,
,,,00.021300000000,   8.56000,
,,,00.021320000000,   8.64000,
,,,00.021340000000,   8.64000,
,,,00.021360000000,   8.72000,
,,,00.021380000000,   8.72000,
,,,00.021400000000,   8.72000,
,,,00.021420000000,   8.80000,
,,,00.021440000000,   8.80000,
,,,00.021460000000,   8.88000,
,,,00.021480000000,   8.88000,
,,,00.021500000000,   8.88000,
,,,00.021520000000,   8.96000,
,,,00.021540000000,   8.96000,
,,,00.021560000000,   8.96000,
,,,00.021580000000,   8.96000,
,,,00.021600000000,   8.96000,
,,,00.021620000000,   8.96000,
,,,00.021640000000,   9.04000,
,,,00.021660000000,   9.12000,
,,,00.021680000000,   9.04000,
,,,00.021700000000,   9.04000,
,,,00.021720000000,   9.04000,
,,,00.021740000000,   9.04000,
,,,00.021760000000,   9.04000,
,,,00.021780000000,   9.12000,
,,,00.021800000000,   9.20000,
,,,00.021820000000,   9.12000,
,,,00.021840000000,   9.20000,
,,,00.021860000000,   9.20000,
,,,00.021880000000,   9.20000,
,,,00.021900000000,   9.28000,
,,,00.021920000000,   9.28000,
,,,00.021940000000,   9.28000,
,,,00.021960000000,   9.36000,
,,,00.021980000000,   9.36000,
,,,00.022000000000,   9.36000,
,,,00.022020000000,   9.44000,
,,,00.022040000000,   9.44000,
,,,00.022060000000,   9.52000,
,,,00.022080000000,   9.44000,
,,,00.022100000000,   9.52000,
,,,00.022120000000,   9.52000,
,,,00.022140000000,   9.52000,
,,,00.022160000000,   9.52000,
,,,00.022180000000,   9.60000,
,,,00.022200000000,   9.60000,
,,,00.022220000000,   9.60000,
,,,00.022240000000,   9.60000,
,,,00.022260000000,   9.60000,
,,,00.022280000000,   9.60000,
,,,00.022300000000,   9.60000,
,,,00.022320000000,   9.60000,
,,,00.022340000000,   9.68000,
,,,00.022360000000,   9.60000,
,,,00.022380000000,   9.68000,
,,,00.022400000000,   9.68000,
,,,00.022420000000,   9.68000,
,,,00.022440000000,   9.68000,
,,,00.022460000000,   9.76000,
,,,00.022480000000,   9.76000,
,,,00.022500000000,   9.76000,
,,,00.022520000000,   9.76000,
,,,00.022540000000,   9.84000,
,,,00.022560000000,   9.76000,
,,,00.022580000000,   9.84000,
,,,00.022600000000,   9.84000,
,,,00.022620000000,   9.92000,
,,,00.022640000000,   9.92000,
,,,00.022660000000,   9.92000,
,,,00.022680000000,  10.00000,
,,,00.022700000000,   9.92000,
,,,00.022720000000,   9.92000,
,,,00.022740000000,  10.00000,
,,,00.022760000000,   9.92000,
,,,00.022780000000,   9.92000,
,,,00.022800000000,  10.00000,
,,,00.022820000000,   9.92000,
,,,00.022840000000,  10.00000,
,,,00.022860000000,  10.00000,
,,,00.022880000000,  10.00000,
,,,00.022900000000,  10.00000,
,,,00.022920000000,  10.00000,
,,,00.022940000000,  10.00000,
,,,00.022960000000,  10.08000,
,,,00.022980000000,  10.00000,
,,,00.023000000000,  10.08000,
,,,00.023020000000,  10.08000,
,,,00.023040000000,  10.08000,
,,,00.023060000000,  10.08000,
,,,00.023080000000,  10.08000,
,,,00.023100000000,  10.08000,
,,,00.023120000000,  10.16000,
,,,00.023140000000,  10.16000,
,,,00.023160000000,  10.16000,
,,,00.023180000000,  10.08000,
,,,00.023200000000,  10.16000,
,,,00.023220000000,  10.16000,
,,,00.023240000000,  10.08000,
,,,00.023260000000,  10.08000,
,,,00.023280000000,  10.08000,
,,,00.023300000000,  10.08000,
,,,00.023320000000,  10.08000,
,,,00.023340000000,  10.08000,
,,,00.023360000000,  10.08000,
,,,00.023380000000,  10.08000,
,,,00.023400000000,  10.08000,
,,,00.023420000000,  10.00000,
,,,00.023440000000,  10.08000,
,,,00.023460000000,  10.08000,
,,,00.023480000000,  10.08000,
,,,00.023500000000,  10.08000,
,,,00.023520000000,  10.08000,
,,,00.023540000000,  10.08000,
,,,00.023560000000,  10.08000,
,,,00.023580000000,  10.08000,
,,,00.023600000000,  10.08000,
,,,00.023620000000,  10.08000,
,,,00.023640000000,  10.08000,
,,,00.023660000000,  10.16000,
,,,00.023680000000,  10.16000,
,,,00.023700000000,  10.16000,
,,,00.023720000000,  10.08000,
,,,00.023740000000,  10.00000,
,,,00.023760000000,  10.00000,
,,,00.023780000000,  10.00000,
,,,00.023800000000,   9.92000,
,,,00.023820000000,  10.00000,
,,,00.023840000000,  10.00000,
,,,00.023860000000,   9.92000,
,,,00.023880000000,   9.92000,
,,,00.023900000000,   9.92000,
,,,00.023920000000,   9.92000,
,,,00.023940000000,   9.92000,
,,,00.023960000000,   9.84000,
,,,00.023980000000,   9.92000,
,,,00.024000000000,   9.92000,
,,,00.024020000000,   9.92000,
,,,00.024040000000,   9.92000,
,,,00.024060000000,   9.92000,
,,,00.024080000000,   9.92000,
,,,00.024100000000,   9.92000,
,,,00.024120000000,   9.92000,
,,,00.024140000000,   9.92000,
,,,00.024160000000,   9.84000,
,,,00.024180000000,   9.76000,
,,,00.024200000000,   9.76000,
,,,00.024220000000,   9.76000,
,,,00.024240000000,   9.76000,
,,,00.024260000000,   9.76000,
,,,00.024280000000,   9.68000,
,,,00.024300000000,   9.68000,
,,,00.024320000000,   9.68000,
,,,00.024340000000,   9.68000,
,,,00.024360000000,   9.60000,
,,,00.024380000000,   9.60000,
,,,00.024400000000,   9.60000,
,,,00.024420000000,   9.52000,
,,,00.024440000000,   9.52000,
,,,00.024460000000,   9.52000,
,,,00.024480000000,   9.44000,
,,,00.024500000000,   9.44000,
,,,00.024520000000,   9.44000,
,,,00.024540000000,   9.44000,
,,,00.024560000000,   9.44000,
,,,00.024580000000,   9.44000,
,,,00.024600000000,   9.44000,
,,,00.024620000000,   9.36000,
,,,00.024640000000,   9.36000,
,,,00.024660000000,   9.36000,
,,,00.024680000000,   9.36000,
,,,00.024700000000,   9.28000,
,,,00.024720000000,   9.28000,
,,,00.024740000000,   9.20000,
,,,00.024760000000,   9.20000,
,,,00.024780000000,   9.12000,
,,,00.024800000000,   9.04000,
,,,00.024820000000,   9.12000,
,,,00.024840000000,   9.04000,
,,,00.024860000000,   9.04000,
,,,00.024880000000,   8.96000,
,,,00.024900000000,   8.96000,
,,,00.024920000000,   8.96000,
,,,00.024940000000,   8.96000,
,,,00.024960000000,   8.96000,
,,,00.024980000000,   8.88000,
,,,00.025000000000,   8.88000,
,,,00.025020000000,   8.88000,
,,,00.025040000000,   8.88000,
,,,00.025060000000,   8.88000,
,,,00.025080000000,   8.80000,
,,,00.025100000000,   8.80000,
,,,00.025120000000,   8.80000,
,,,00.025140000000,   8.80000,
,,,00.025160000000,   8.72000,
,,,00.025180000000,   8.72000,
,,,00.025200000000,   8.72000,
,,,00.025220000000,   8.64000,
,,,00.025240000000,   8.64000,
,,,00.025260000000,   8.48000,
,,,00.025280000000,   8.48000,
,,,00.025300000000,   8.48000,
,,,00.025320000000,   8.40000,
,,,00.025340000000,   8.32000,
,,,00.025360000000,   8.24000,
,,,00.025380000000,   8.24000,
,,,00.025400000000,   8.16000,
,,,00.025420000000,   8.24000,
,,,00.025440000000,   8.16000,
,,,00.025460000000,   8.16000,
,,,00.025480000000,   8.08000,
,,,00.025500000000,   8.08000,
,,,00.025520000000,   8.00000,
,,,00.025540000000,   8.08000,
,,,00.025560000000,   8.00000,
,,,00.025580000000,   7.92000,
,,,00.025600000000,   7.92000,
,,,00.025620000000,   7.92000,
,,,00.025640000000,   7.84000,
,,,00.025660000000,   7.84000,
,,,00.025680000000,   7.76000,
,,,00.025700000000,   7.76000,
,,,00.025720000000,   7.76000,
,,,00.025740000000,   7.68000,
,,,00.025760000000,   7.60000,
,,,00.025780000000,   7.60000,
,,,00.025800000000,   7.60000,
,,,00.025820000000,   7.52000,
,,,00.025840000000,   7.44000,
,,,00.025860000000,   7.44000,
,,,00.025880000000,   7.36000,
,,,00.025900000000,   7.36000,
,,,00.025920000000,   7.36000,
,,,00.025940000000,   7.28000,
,,,00.025960000000,   7.20000,
,,,00.025980000000,   7.20000,
,,,00.026000000000,   7.12000,
,,,00.026020000000,   7.12000,
,,,00.026040000000,   7.04000,
,,,00.026060000000,   7.04000,
,,,00.026080000000,   7.04000,
,,,00.026100000000,   7.04000,
,,,00.026120000000,   6.96000,
,,,00.026140000000,   6.96000,
,,,00.026160000000,   6.88000,
,,,00.026180000000,   6.80000,
,,,00.026200000000,   6.80000,
,,,00.026220000000,   6.80000,
,,,00.026240000000,   6.72000,
,,,00.026260000000,   6.64000,
,,,00.026280000000,   6.56000,
,,,00.026300000000,   6.56000,
,,,00.026320000000,   6.48000,
,,,00.026340000000,   6.40000,
,,,00.026360000000,   6.40000,
,,,00.026380000000,   6.32000,
,,,00.026400000000,   6.32000,
,,,00.026420000000,   6.24000,
,,,00.026440000000,   6.16000,
,,,00.026460000000,   6.16000,
,,,00.026480000000,   6.24000,
,,,00.026500000000,   6.00000,
,,,00.026520000000,   5.92000,
,,,00.026540000000,   5.92000,
,,,00.026560000000,   5.92000,
,,,00.026580000000,   5.84000,
,,,00.026600000000,   5.76000,
,,,00.026620000000,   5.76000,
,,,00.026640000000,   5.76000,
,,,00.026660000000,   5.76000,
,,,00.026680000000,   5.68000,
,,,00.026700000000,   5.68000,
,,,00.026720000000,   5.60000,
,,,00.026740000000,   5.60000,
,,,00.026760000000,   5.52000,
,,,00.026780000000,   5.44000,
,,,00.026800000000,   5.44000,
,,,00.026820000000,   5.36000,
,,,00.026840000000,   5.28000,
,,,00.026860000000,   5.20000,
,,,00.026880000000,   5.12000,
,,,00.026900000000,   5.12000,
,,,00.026920000000,   5.12000,
,,,00.026940000000,   5.04000,
,,,00.026960000000,   5.04000,
,,,00.026980000000,   4.96000,
,,,00.027000000000,   4.88000,
,,,00.027020000000,   4.96000,
,,,00.027040000000,   4.88000,
,,,00.027060000000,   4.80000,
,,,00.027080000000,   4.72000,
,,,00.027100000000,   4.80000,
,,,00.027120000000,   4.72000,
,,,00.027140000000,   4.80000,
,,,00.027160000000,   4.64000,
,,,00.027180000000,   4.64000,
,,,00.027200000000,   4.56000,
,,,00.027220000000,   4.56000,
,,,00.027240000000,   4.48000,
,,,00.027260000000,   4.48000,
,,,00.027280000000,   4.48000,
,,,00.027300000000,   4.40000,
,,,00.027320000000,   4.32000,
,,,00.027340000000,   4.32000,
,,,00.027360000000,   4.24000,
,,,00.027380000000,   4.24000,
,,,00.027400000000,   4.24000,
,,,00.027420000000,   4.16000,
,,,00.027440000000,   4.24000,
,,,00.027460000000,   4.24000,
,,,00.027480000000,   4.16000,
,,,00.027500000000,   4.08000,
,,,00.027520000000,   4.08000,
,,,00.027540000000,   4.08000,
,,,00.027560000000,   4.08000,
,,,00.027580000000,   4.24000,
,,,00.027600000000,   4.16000,
,,,00.027620000000,   4.16000,
,,,00.027640000000,   4.24000,
,,,00.027660000000,   4.24000,
,,,00.027680000000,   4.16000,
,,,00.027700000000,   4.24000,
,,,00.027720000000,   4.24000,
,,,00.027740000000,   4.24000,
,,,00.027760000000,   4.24000,
,,,00.027780000000,   4.24000,
,,,00.027800000000,   4.24000,
,,,00.027820000000,   4.24000,
,,,00.027840000000,   4.24000,
,,,00.027860000000,   4.24000,
,,,00.027880000000,   4.24000,
,,,00.027900000000,   4.24000,
,,,00.027920000000,   4.24000,
,,,00.027940000000,   4.24000,
,,,00.027960000000,   4.24000,
,,,00.027980000000,   4.24000,
,,,00.028000000000,   4.24000,
,,,00.028020000000,   4.24000,
,,,00.028040000000,   4.24000,
,,,00.028060000000,   4.24000,
,,,00.028080000000,   4.24000,
,,,00.028100000000,   4.32000,
,,,00.028120000000,   4.32000,
,,,00.028140000000,   4.32000,
,,,00.028160000000,   4.32000,
,,,00.028180000000,   4.32000,
